; source file ../data/Clarinet-Bb/ppD3.het
; via ../data/Clarinet-Bb/ppD3.asc
;
; number of harmonics (amp/frq track pairs):
; 15
;
; duration 2.218000 s
; avg. peak time 630 ms
; avg. release time 662 ms
; peak amp 29333 (track 1)
;
;
; amp track 1 (harmonic 0)
; peak time 1275 ms
;
f600	0	128	-2
0
243
331
248
272
202
400
417
238
231
225
207
247
208
224
657
484
735
775
1193
1507
1961
2484
2975
3687
4738
5650
7261
8374
9864
10910
12510
13576
15014
16197
17793
19417
20706
22203
23695
24782
25410
26040
26716
26820
26698
27016
27069
27060
27055
26985
27498
27759
28266
28588
28610
28696
28236
28230
28128
27855
27577
27445
27511
27720
27744
27799
28205
28557
28884
29154
29242
29231
29327
28913
28539
27873
27636
27229
26621
26545
26414
25870
26068
26021
25893
25750
25579
25711
25623
25466
25139
25249
24958
24486
24317
23830
23657
23417
23368
22840
22365
22225
21543
21445
20917
20376
19756
19108
18770
18080
17621
16769
16180
15160
14149
13042
11354
9699
7983
5571
3897
2516
1688
1112
899
0
;
; frq track 2 (harmonic 0)
; Freq. diffs.
; 
f601	0	128	-2
-0.791
-53.791
-78.791
-74.068
-101.791
-20.568
-40.791
-71.013
-4.791
-86.013
-27.791
-76.902
8.209
-12.568
-70.791
-7.513
3.209
-1.791
6.709
5.209
2.376
0.209
1.154
3.209
0.376
0.209
0.209
-0.791
1.098
0.209
0.209
0.209
0.209
0.209
0.209
0.209
0.209
0.209
0.209
0.209
0.209
0.209
0.209
0.209
0.209
0.209
0.209
0.209
0.209
0.209
0.209
0.209
0.209
0.209
0.209
0.209
0.209
0.209
0.209
0.209
0.209
0.209
0.209
-0.791
-0.791
0.209
0.209
-0.791
0.209
0.209
0.209
0.209
0.209
-0.735
0.209
0.209
-0.791
0.154
-0.791
0.154
-0.791
0.154
0.209
-0.735
-0.791
-0.791
-0.791
-0.791
-0.791
-0.791
-0.791
0.209
-0.735
0.209
-0.735
-0.791
-0.791
0.209
-0.735
-0.791
0.154
-0.791
0.209
-0.735
-0.791
-0.791
-0.791
0.154
0.209
-0.735
0.209
-0.735
0.209
-0.735
0.209
0.209
-0.791
0.154
-0.791
0.209
0.209
1.209
0.265
-0.791
-2.680
5.209
-13.680
;
; amp track 3 (harmonic 1)
; peak time 995 ms
;
f602	0	128	-2
0
129
133
201
87
114
52
117
85
75
137
133
158
127
109
118
67
113
106
84
159
156
267
213
92
122
90
150
202
198
325
281
313
360
407
524
537
580
702
762
774
902
1119
1111
1221
1213
1128
1140
1229
1067
1157
1079
973
1086
1181
1086
1251
1383
1261
1133
1105
1065
1085
881
1027
1016
945
1037
1170
1196
1111
1334
1193
1103
1084
1122
968
957
1045
1014
912
959
979
954
810
797
901
698
777
876
730
806
855
641
843
799
657
662
719
728
618
684
653
525
525
493
495
554
466
433
203
330
403
466
352
308
235
398
185
130
54
109
72
178
161
97
0
;
; frq track 4 (harmonic 1)
; Freq. diffs.
; 
f603	0	128	-2
-1.279
8.721
-8.279
-15.835
-70.279
-33.446
-198.279
24.610
-35.279
6.276
-62.279
6.665
11.721
-49.668
-15.279
20.610
-56.279
0.721
-4.001
-14.279
-1.057
21.721
10.388
11.721
-24.168
56.721
11.388
-5.279
15.499
-6.279
-0.612
6.721
5.776
-0.279
-5.279
0.388
5.721
-1.835
1.721
-3.946
2.721
-0.112
-0.279
1.610
-2.279
0.554
0.721
3.554
-3.279
2.388
-0.279
1.721
2.665
-0.279
-4.057
-1.279
-0.335
0.721
-0.224
4.721
-0.946
0.721
0.721
0.721
-2.112
-1.279
-1.279
-3.279
-0.279
0.665
-4.279
2.332
-2.279
0.554
-2.279
-0.390
1.721
2.665
1.721
2.665
-2.279
-1.335
-2.279
-0.390
2.721
1.721
-3.001
-0.279
0.665
-0.279
-0.279
1.721
-0.168
1.721
-4.890
-2.279
2.443
0.721
-1.168
1.721
-2.057
2.721
-3.279
0.499
-1.279
-5.057
0.721
-6.835
-1.279
-4.112
-5.279
6.054
0.721
-4.001
-9.279
-2.668
-0.279
1.610
-2.279
-37.279
-82.612
-77.279
-50.835
0.721
-1.168
-25.279
-87.612
;
; amp track 5 (harmonic 2)
; peak time 978 ms
;
f604	0	128	-2
0
41
68
159
53
40
43
83
38
75
94
108
94
104
162
154
118
279
205
117
95
56
150
126
56
132
154
98
86
94
58
167
208
412
439
392
418
463
553
735
674
661
772
891
887
937
1046
959
798
931
886
698
691
644
767
963
1065
1065
1015
803
923
876
902
773
723
599
706
810
882
890
1002
985
1030
1057
939
930
834
896
890
817
737
765
749
669
514
515
595
553
653
531
576
551
583
635
623
466
479
373
336
407
314
505
366
296
416
345
330
315
306
221
288
248
155
184
226
125
124
80
79
165
88
47
90
61
52
81
0
;
; frq track 6 (harmonic 2)
; Freq. diffs.
; 
f605	0	128	-2
-3.000
-23.000
-78.000
7.000
-2.000
-64.333
-135.000
1.944
30.000
-7.778
1.000
-3.722
-10.000
-2.444
3.000
2.056
5.000
-13.000
-10.167
14.000
-20.000
0.000
-34.000
-36.000
2.722
-13.000
13.444
-13.000
-31.889
15.000
12.167
-13.000
-2.611
-1.000
-6.000
6.278
5.000
6.889
-2.000
1.778
3.000
-1.722
2.000
1.056
2.000
0.111
-1.000
-0.056
2.000
1.056
0.000
4.000
0.222
-1.000
-1.944
-2.000
0.833
-2.000
-0.111
1.000
0.056
-1.000
0.889
1.000
1.000
3.000
0.167
-1.000
2.000
0.111
1.000
-1.833
1.000
0.056
-2.000
-1.056
-1.000
-1.944
1.000
0.056
-1.000
1.833
-1.000
-4.778
-2.000
2.000
-2.722
-2.000
-3.889
2.000
3.889
-1.000
-0.056
1.000
-2.778
3.000
-7.389
-2.000
0.833
-1.000
3.722
2.000
-4.000
-0.222
4.000
-7.333
4.000
3.056
-5.000
8.222
6.000
-4.389
-5.000
-12.556
9.000
20.333
4.000
18.167
-6.000
-18.000
18.833
-121.000
5.556
-37.000
-36.056
-26.000
25.000
;
; amp track 7 (harmonic 3)
; peak time 1450 ms
;
f606	0	128	-2
0
78
71
72
60
77
53
115
47
68
53
67
80
79
69
92
96
94
36
58
84
59
53
68
53
61
86
93
55
67
61
40
54
49
49
62
57
58
63
55
53
138
68
51
84
50
144
85
66
113
103
48
51
141
80
77
106
130
95
94
99
112
123
76
47
87
67
108
128
123
172
62
107
174
103
92
55
101
58
84
58
72
92
177
48
42
74
55
39
52
59
69
61
69
81
84
81
71
65
64
29
55
43
61
55
60
59
60
39
65
106
97
74
51
39
39
53
106
74
65
99
62
55
40
96
55
0
;
; frq track 8 (harmonic 3)
; Freq. diffs.
; 
f607	0	128	-2
4.419
24.419
-19.581
42.752
-31.581
-23.081
94.419
-6.637
53.419
47.752
30.419
32.307
3.419
-33.415
-11.581
15.807
15.419
-28.581
30.919
-23.581
37.807
-27.581
-49.304
-44.581
-28.526
11.419
48.252
-28.581
-10.637
-2.581
-19.581
-33.581
80.696
-58.581
9.419
21.696
11.419
19.919
18.419
-56.193
41.419
18.752
-4.581
12.419
6.419
-70.081
6.419
-17.193
-19.581
-2.581
10.419
-69.581
15.419
4.419
14.807
-3.581
13.419
7.419
22.530
-0.581
22.085
8.419
-3.859
-47.581
9.085
-36.581
-23.359
13.419
10.419
4.752
18.419
8.974
14.419
2.141
12.419
-28.193
-16.581
31.585
4.419
-15.415
12.419
73.807
-0.581
12.641
-23.581
48.419
30.474
-40.581
-65.137
-12.581
19.530
31.419
22.919
29.419
3.919
-2.581
40.863
-3.581
15.307
-33.581
-50.581
-67.581
-189.581
22.919
53.419
19.419
-30.581
26.085
-27.581
-7.748
-1.581
-7.248
21.419
9.141
-68.581
-8.137
-49.581
8.974
31.419
12.419
-14.026
42.419
-9.526
-5.581
-9.359
49.419
-45.026
;
; amp track 9 (harmonic 4)
; peak time 471 ms
;
f608	0	128	-2
0
95
77
166
192
179
120
145
104
220
277
299
99
100
84
119
158
235
212
182
242
198
166
90
164
230
346
356
302
148
205
220
339
283
284
110
138
110
85
175
109
161
192
100
343
110
119
285
118
95
171
86
188
94
124
108
116
33
76
65
31
75
50
214
138
93
46
88
89
126
67
52
148
105
86
117
155
110
120
106
216
208
78
105
134
111
102
177
118
146
95
100
110
56
70
182
76
124
128
124
110
123
81
74
149
162
77
114
95
134
34
127
94
79
49
58
138
60
76
93
73
99
71
60
36
20
0
;
; frq track 10 (harmonic 4)
; Freq. diffs.
; 
f609	0	128	-2
16.256
-21.744
-27.744
-13.578
-11.744
-23.078
-39.744
0.867
22.256
-9.855
-22.744
-12.355
-8.744
13.922
-3.744
-11.300
19.256
-19.744
-15.966
-2.744
-5.578
-16.744
-11.078
-20.744
-22.633
-15.744
-16.689
-12.744
-12.744
-16.744
-19.578
-12.744
-17.466
-17.744
0.256
-19.578
14.256
18.978
43.256
9.256
27.256
24.422
10.256
-35.078
12.256
-41.578
-46.744
8.034
44.256
-44.522
10.256
-47.744
-12.800
52.256
3.145
15.256
-9.300
-50.744
10.645
39.256
33.589
17.256
43.700
-2.744
-26.355
-12.744
-33.522
36.256
9.256
5.478
54.256
-35.466
-17.744
-13.022
19.256
-9.078
-10.744
16.645
13.256
23.645
0.256
-16.744
39.256
-29.689
-3.744
10.256
-27.522
-18.744
-12.133
-12.744
39.200
17.256
-2.578
-52.744
-41.411
-12.744
-25.022
14.256
-24.466
14.256
3.867
27.256
19.256
23.978
17.256
19.145
-17.744
9.645
-20.744
-14.133
-20.744
-8.466
-18.744
-22.522
-57.744
-24.689
-5.744
-21.800
-21.744
-22.744
31.089
8.256
31.867
34.256
-1.633
-7.744
-23.800
;
; amp track 11 (harmonic 5)
; peak time 454 ms
;
f610	0	128	-2
0
80
26
96
62
73
52
44
57
147
31
98
174
108
94
78
76
48
68
140
105
109
102
114
102
133
210
70
87
140
114
69
55
72
81
124
110
81
53
98
125
100
119
81
94
67
94
83
66
85
138
96
94
69
78
69
124
114
88
111
56
91
104
49
108
85
67
89
57
58
77
54
67
57
82
142
76
90
64
78
111
107
58
94
49
43
66
71
102
86
83
91
108
98
105
63
44
119
36
71
66
58
71
78
65
42
72
72
94
48
55
80
71
106
47
48
60
74
56
50
55
68
42
56
30
87
0
;
; frq track 12 (harmonic 5)
; Freq. diffs.
; 
f611	0	128	-2
-26.791
-44.791
3.209
-14.735
-4.791
-3.846
4.209
-94.013
16.209
13.376
55.209
31.598
34.209
46.487
-0.791
36.043
33.209
-40.791
19.654
26.209
39.432
9.209
-31.402
-6.791
29.098
24.209
10.987
44.209
17.765
27.209
28.154
0.209
16.265
-4.791
11.209
22.543
47.209
33.987
47.209
10.376
10.209
33.820
11.209
-26.568
-1.791
-1.791
-17.791
-31.013
11.209
10.265
15.209
10.209
48.932
30.209
-34.957
-0.791
-19.680
-3.791
-25.513
20.209
-35.513
34.209
-53.624
-97.791
39.154
43.209
-22.902
39.209
3.209
11.709
39.209
-5.180
24.209
-10.735
-28.791
7.098
-45.791
6.154
-38.791
14.098
11.209
24.432
57.209
-16.457
18.209
-56.791
-28.457
3.209
-44.013
30.209
15.098
16.209
18.098
40.209
32.654
-50.791
57.820
-24.791
-39.902
-26.791
31.765
-38.791
-55.791
-38.791
-47.791
11.709
7.209
17.598
22.209
63.765
-55.791
-45.402
-50.791
-37.568
35.209
22.932
30.209
11.320
37.209
7.209
-43.791
-70.791
-61.346
-0.791
-47.068
-35.791
-6.513
;
; amp track 13 (harmonic 6)
; peak time 471 ms
;
f612	0	128	-2
0
103
73
54
64
47
85
142
145
128
127
120
135
144
53
103
117
84
76
103
158
70
86
169
76
127
97
230
73
60
70
103
196
57
67
82
132
150
79
127
170
134
94
117
26
83
89
82
95
76
122
30
148
93
51
99
47
146
79
101
46
148
64
55
103
85
92
127
75
86
170
61
95
102
71
80
166
119
63
143
87
83
171
66
63
59
55
33
100
40
32
34
47
70
58
63
92
89
79
31
50
46
62
45
87
37
51
66
34
90
58
41
39
102
74
33
66
47
62
68
45
22
45
32
22
40
0
;
; frq track 14 (harmonic 6)
; Freq. diffs.
; 
f613	0	128	-2
6.674
2.674
23.674
-31.103
33.674
46.897
29.674
-19.437
34.674
26.174
92.674
-9.326
-37.326
44.841
-21.326
2.286
-9.326
44.674
-13.881
6.674
35.952
50.674
25.174
9.674
72.008
-4.326
-19.437
22.674
-55.714
6.674
18.008
-46.326
-8.548
-0.326
59.674
4.897
14.674
10.897
59.674
19.063
8.674
-5.492
-22.326
24.897
9.674
7.786
9.674
70.119
-21.326
-3.381
-13.326
-1.326
-28.714
-31.326
35.730
5.674
39.674
-12.326
-41.603
-22.326
-45.937
-6.326
31.452
23.674
-5.603
-43.326
19.952
17.674
55.674
10.341
22.674
-42.492
-8.326
20.952
-16.326
28.063
-15.326
31.897
-65.326
-5.826
-48.326
13.063
10.674
-9.159
1.674
-20.326
-43.937
-45.326
-22.659
-83.326
50.786
-59.326
-78.214
22.674
75.563
6.674
-43.381
29.674
13.619
-2.326
23.174
-26.326
-26.326
0.119
-7.326
15.341
32.674
11.897
-70.326
26.952
-34.326
-30.548
-29.326
-40.659
43.674
71.063
7.674
34.119
24.674
6.674
4.786
2.674
-25.659
26.674
52.174
-2.326
55.286
;
; amp track 15 (harmonic 7)
; peak time 122 ms
;
f614	0	128	-2
0
70
72
132
277
168
198
420
390
373
293
198
220
259
402
274
375
220
315
116
293
137
276
152
212
164
88
361
152
89
386
173
249
232
365
379
254
262
252
157
185
74
139
195
113
39
377
182
132
192
123
239
143
165
222
142
172
211
115
163
222
165
216
83
50
182
209
87
58
216
176
236
258
175
126
268
199
119
163
169
178
93
132
142
79
179
353
73
95
145
73
208
137
178
362
226
181
67
103
76
145
122
103
180
208
86
87
146
202
230
72
152
289
277
314
211
106
100
107
63
44
54
43
19
17
25
0
;
; frq track 16 (harmonic 7)
; Freq. diffs.
; 
f615	0	128	-2
7.907
-7.093
-65.093
12.351
8.907
-6.204
-13.093
-12.149
0.907
-25.537
-46.093
-58.371
-12.093
-7.371
12.907
20.463
-11.093
2.907
1.018
-11.093
-27.149
-10.093
23.907
-14.093
-10.315
25.907
54.240
-6.093
-12.704
17.907
6.574
-14.093
10.463
4.907
-5.093
7.185
26.907
-13.704
0.907
-11.371
7.907
-51.593
-11.093
12.518
-40.093
-44.815
-13.093
-13.093
-57.093
-16.482
2.907
0.907
4.685
-17.093
19.740
12.907
-7.871
-19.093
6.407
28.907
5.296
20.907
13.351
34.907
5.629
1.907
14.185
-5.093
14.907
-5.871
11.907
-4.149
23.907
-8.204
-4.093
13.851
24.907
18.296
5.907
19.129
30.907
-33.315
-38.093
-28.649
20.907
1.907
9.463
-26.093
-35.537
0.907
-7.593
-10.093
12.574
-3.093
-6.871
-16.093
-4.760
44.907
-22.149
26.907
8.018
-11.093
-23.093
16.574
4.907
37.963
20.907
-14.037
-24.093
-17.482
-24.093
4.240
2.907
6.685
3.907
5.796
-44.093
3.129
7.907
-7.093
44.851
-0.093
31.074
52.907
43.463
68.907
-58.593
;
; amp track 17 (harmonic 8)
; peak time 1135 ms
;
f616	0	128	-2
0
59
62
85
61
45
102
105
73
86
65
132
63
37
47
78
80
83
51
116
104
53
121
80
42
59
42
72
63
133
56
94
85
42
108
49
122
75
128
62
72
95
118
81
92
79
46
43
97
91
74
70
112
61
87
135
87
53
43
69
139
85
150
146
124
186
102
155
134
76
45
56
79
66
69
89
80
67
59
72
23
56
92
90
67
73
60
91
40
62
35
44
53
45
29
63
75
60
66
35
71
53
46
56
62
54
30
25
47
60
82
85
64
48
46
48
39
48
56
37
46
43
18
33
31
23
0
;
; frq track 18 (harmonic 8)
; Freq. diffs.
; 
f617	0	128	-2
-6.767
-11.767
7.233
8.177
11.233
-23.712
19.233
23.955
-25.767
-20.101
2.233
-12.879
-24.767
-6.823
48.233
-34.879
-39.767
-50.767
46.510
13.233
15.121
27.233
-30.379
-10.767
26.066
-36.767
-15.045
-20.767
59.510
26.233
-45.545
-0.767
18.121
66.233
34.233
-33.767
5.233
26.010
19.233
12.621
29.233
47.177
12.233
-40.656
36.233
29.621
-32.767
-47.879
13.233
25.510
-59.767
-8.767
10.121
-17.767
-54.601
24.233
43.121
24.233
-12.601
5.233
62.844
32.233
32.233
4.233
-36.379
-5.767
29.177
4.233
-8.767
-4.045
31.233
-26.379
-22.767
15.955
4.233
25.955
-31.767
38.121
-54.767
-40.601
-98.767
41.955
-3.767
10.399
40.233
22.233
-12.712
-2.767
-27.323
36.233
-2.490
-50.767
27.621
-56.767
-12.379
-29.767
23.121
-35.767
-0.823
-5.767
7.455
-0.767
-43.767
51.621
-8.767
-16.323
-75.767
-33.267
-16.767
4.010
-11.767
8.066
-34.767
44.566
13.233
-45.323
-22.767
21.621
-6.767
-34.767
0.177
-43.767
-26.767
-27.767
-32.490
-63.767
4.233
;
; amp track 19 (harmonic 9)
; peak time 262 ms
;
f618	0	128	-2
0
50
69
66
77
55
143
119
98
91
110
81
154
142
199
352
95
165
128
121
112
52
67
86
143
127
78
98
125
70
153
71
65
127
111
73
150
80
71
72
165
87
65
119
73
126
127
55
95
67
96
60
35
70
50
66
99
88
183
155
139
155
68
39
108
47
99
81
55
79
140
99
74
118
54
78
44
45
74
78
95
86
85
103
41
63
54
36
98
96
129
66
40
78
87
67
69
41
74
98
55
61
57
100
71
64
88
81
40
81
83
70
57
59
66
46
54
61
76
64
37
27
14
45
33
15
0
;
; frq track 20 (harmonic 9)
; Freq. diffs.
; 
f619	0	128	-2
0.140
-16.860
-19.860
40.584
-18.860
-16.027
-20.860
-10.472
20.140
-29.916
-41.860
21.417
-3.860
-13.305
63.140
18.751
55.140
18.140
13.417
-3.860
20.695
6.140
-55.249
-10.860
22.195
14.140
-22.694
16.140
-14.083
34.140
-11.194
-50.860
-33.860
35.140
-61.860
-55.249
-22.860
-22.860
3.140
44.695
-2.860
15.084
-13.860
-3.472
42.140
30.806
-20.860
26.362
14.140
-26.472
4.140
-1.860
-13.194
0.140
19.028
64.140
18.806
-37.860
-15.194
3.140
12.584
-34.860
-15.027
-45.860
2.306
11.140
0.751
35.140
23.140
4.251
16.140
4.806
-9.860
6.195
27.140
-4.027
-58.860
-46.583
-1.860
0.973
-15.860
-33.805
-0.860
-11.249
44.140
8.140
-49.472
-10.860
9.917
26.140
3.473
56.140
21.195
9.140
-32.416
-17.860
-42.416
-7.860
31.806
6.140
29.751
-34.860
-12.860
18.306
-35.860
-28.305
1.140
-14.916
-31.860
-2.583
-19.860
19.806
-23.860
-45.583
-2.860
8.473
21.140
-54.416
20.140
5.140
5.140
-45.860
-1.472
-45.860
1.362
-30.860
35.251
;
; amp track 21 (harmonic 10)
; peak time 227 ms
;
f620	0	128	-2
0
163
79
126
108
224
105
140
113
103
154
126
45
299
136
62
160
209
109
198
150
122
139
64
107
158
98
130
74
270
76
66
94
125
231
212
212
150
123
148
205
117
153
115
139
105
150
73
102
262
129
139
116
41
77
70
160
128
118
88
87
88
104
94
111
122
103
95
143
127
99
97
196
87
112
174
116
108
148
49
125
105
151
67
125
108
115
136
96
42
98
43
124
157
148
109
71
66
49
107
154
126
142
89
144
204
61
71
64
49
52
114
49
69
75
65
135
56
69
49
53
30
23
23
37
23
0
;
; frq track 22 (harmonic 10)
; Freq. diffs.
; 
f621	0	128	-2
-9.930
-6.930
-52.930
-0.041
28.070
23.348
-9.930
-48.652
-7.930
3.403
2.070
-14.930
0.070
-25.430
-20.930
-27.541
-1.930
16.070
-36.819
26.070
21.348
29.070
17.736
-2.930
-68.097
-31.930
-5.486
20.070
-38.486
-7.930
5.292
-17.930
-8.486
10.070
5.070
6.959
10.070
5.348
-40.930
-24.875
-0.930
-15.097
3.070
-14.875
30.070
-33.208
-22.930
-21.986
34.070
1.959
-33.930
5.070
-6.264
-28.930
-31.764
-17.930
-10.375
27.070
13.848
-27.930
28.736
-20.930
27.236
-21.930
12.070
-4.930
2.625
29.070
-8.930
1.459
-12.930
13.514
-4.930
23.403
-26.930
-2.375
17.070
-13.152
17.070
25.570
4.070
8.792
8.070
19.403
8.070
-21.930
-22.875
-30.930
9.681
3.070
3.070
36.070
-7.375
-4.930
-11.541
-22.930
-8.764
-15.930
-18.764
1.070
10.514
-34.930
-3.930
-38.875
-12.930
-6.319
5.070
14.514
-5.930
9.181
55.070
-34.652
43.070
-3.208
-44.930
-29.819
-8.930
21.292
2.070
-16.930
7.625
-36.930
-11.430
-11.930
-60.097
-11.930
-32.708
;
; amp track 23 (harmonic 11)
; peak time 366 ms
;
f622	0	128	-2
0
94
168
83
148
172
142
85
115
313
52
58
284
136
102
113
128
142
103
174
114
343
131
314
182
114
163
110
103
72
133
41
46
47
86
98
103
190
219
92
108
123
101
128
94
161
79
142
72
87
72
158
119
32
103
111
109
131
95
126
86
156
58
60
81
88
66
114
25
47
76
51
113
55
85
79
105
65
45
76
50
100
66
38
41
69
42
61
62
98
110
38
23
142
118
137
71
66
79
52
75
92
41
64
64
42
64
68
68
51
128
65
75
54
67
33
45
70
81
38
24
33
26
20
42
36
0
;
; frq track 24 (harmonic 11)
; Freq. diffs.
; 
f623	0	128	-2
-12.721
-5.721
-33.721
-2.554
8.279
18.668
-32.721
-41.221
24.279
2.557
-2.721
-54.665
10.279
-18.054
42.279
-29.499
12.279
8.279
-37.054
-10.721
11.001
-32.721
-83.721
-40.721
-28.443
-21.721
44.390
44.279
-39.776
-18.721
35.112
49.279
-55.554
-62.721
-64.721
20.279
-63.721
-22.165
4.279
43.001
-7.721
-13.388
-15.721
26.779
45.279
45.279
63.279
0.946
44.279
11.224
49.279
-44.721
31.779
-5.721
-6.665
10.279
-0.110
-14.721
-17.554
-48.721
-57.221
12.279
31.168
-20.721
-33.943
13.279
18.001
-10.721
6.279
-28.665
-26.721
-34.276
-31.721
-40.221
-18.721
3.946
-12.721
6.168
22.279
8.112
15.279
-36.665
-28.721
12.835
58.279
-49.721
-9.110
-30.721
-38.276
-7.721
-9.610
-65.721
57.057
-33.721
-13.888
2.279
-9.054
-17.721
15.335
23.279
-14.499
-21.721
53.279
19.279
-27.721
-30.554
7.279
-25.776
2.279
4.168
-40.721
32.946
-37.721
-1.832
18.279
-33.665
-50.721
21.057
4.279
8.279
-20.054
-9.721
21.446
-8.721
-32.332
-55.721
-72.721
;
; amp track 25 (harmonic 12)
; peak time 681 ms
;
f624	0	128	-2
0
44
48
62
61
144
185
175
188
118
106
181
122
99
60
61
68
33
91
148
104
134
92
57
82
188
141
131
55
89
86
33
44
73
22
51
46
43
133
268
120
49
55
70
77
76
132
92
79
92
53
89
122
50
73
37
47
44
31
53
50
59
37
52
75
42
39
100
32
58
60
54
79
45
51
52
87
93
49
110
35
48
50
76
72
75
48
118
23
31
12
35
36
55
55
37
37
35
38
40
53
46
51
20
43
36
17
39
44
43
34
46
35
40
47
43
46
56
35
23
20
20
25
36
26
43
0
;
; frq track 26 (harmonic 12)
; Freq. diffs.
; 
f625	0	128	-2
16.442
4.442
52.442
-2.336
-9.558
-19.003
22.442
-10.614
28.442
-32.947
-19.558
52.220
10.442
-7.503
23.442
-47.391
17.442
-0.558
-1.503
-6.558
15.164
-1.558
17.331
-57.558
31.220
-39.558
-58.447
-51.558
41.942
-30.558
-45.669
59.442
-25.558
19.442
57.442
36.664
28.442
57.720
-30.558
-13.558
-37.558
-15.836
-24.558
-56.669
12.442
0.164
-23.558
13.275
-35.558
-21.391
16.442
-7.558
37.775
41.442
3.664
18.442
25.997
-41.558
2.831
8.442
-53.891
-16.558
-15.614
20.442
-1.280
-51.558
-43.058
9.442
79.442
33.164
9.442
-24.558
29.442
-11.169
23.442
25.331
25.442
-35.003
34.442
2.331
34.442
-21.280
17.442
4.220
-27.558
25.442
8.442
-19.558
-32.780
40.442
-95.558
65.442
47.497
43.442
4.720
5.442
-27.614
41.442
-43.558
-59.558
-24.614
-17.558
46.442
-18.725
28.442
39.775
-42.558
-11.391
-43.558
-35.058
20.442
-4.114
-27.558
30.997
27.442
12.331
-26.558
-4.836
21.442
6.442
16.831
-62.558
63.997
25.442
-2.891
19.442
1.497
;
; amp track 27 (harmonic 13)
; peak time 279 ms
;
f626	0	128	-2
0
16
23
38
37
87
59
102
34
48
32
89
25
74
45
57
138
99
58
67
69
56
56
38
119
69
52
90
29
27
72
40
72
79
63
39
26
42
82
60
59
69
27
50
42
53
69
60
38
46
68
77
76
65
45
38
37
76
41
23
39
83
81
31
50
51
72
57
86
72
40
25
43
33
26
68
38
71
133
54
31
71
28
88
47
62
63
87
51
46
45
60
68
73
50
42
46
51
44
26
22
45
23
55
43
69
60
40
47
32
46
20
69
42
58
32
42
43
28
16
18
41
27
25
36
25
0
;
; frq track 28 (harmonic 13)
; Freq. diffs.
; 
f627	0	128	-2
-27.488
3.512
-7.488
-3.710
26.512
21.790
-3.488
38.067
-20.488
-66.766
13.512
-52.599
-64.488
14.845
-18.488
-14.710
24.512
31.512
36.234
-2.488
-2.488
39.512
66.901
9.512
23.678
-67.488
24.123
32.512
63.678
-58.488
-48.099
25.512
17.012
-12.488
16.512
-0.488
-62.488
-6.766
41.512
-0.988
21.512
13.956
-66.488
-30.599
3.512
50.734
44.512
-7.433
50.512
-3.322
31.512
10.512
50.178
0.512
-9.877
14.512
-45.933
-7.488
30.290
-20.488
47.512
-25.488
-17.933
-13.488
17.678
-1.488
-8.099
26.512
19.512
13.845
18.512
-37.210
-0.488
22.178
-25.488
4.734
-30.488
11.067
-3.488
-2.544
-43.488
-9.488
-62.488
-6.766
-0.488
17.512
7.123
-1.488
-13.766
24.512
-17.044
13.512
-22.377
5.512
1.734
-39.488
-1.710
9.512
-19.766
-15.488
7.178
24.512
-41.488
22.734
42.512
-4.710
0.512
31.678
25.512
66.123
-21.488
67.290
0.512
30.734
-56.488
3.956
-27.488
13.123
46.512
-34.488
-64.710
-38.488
-0.710
-24.488
-14.099
-72.488
-16.766
;
; amp track 29 (harmonic 14)
; peak time 296 ms
;
f628	0	128	-2
0
85
55
78
93
194
97
151
88
78
112
117
89
103
170
149
111
214
150
112
54
144
163
103
86
88
150
98
108
113
149
165
128
112
130
152
84
183
164
152
63
52
160
119
117
59
103
87
39
57
95
58
89
46
116
100
43
73
71
70
45
52
86
59
68
80
33
72
91
97
47
51
55
64
94
52
87
58
86
110
37
70
58
58
67
40
63
79
44
92
55
107
116
59
59
71
80
88
68
39
37
58
75
56
47
43
113
80
83
79
45
71
20
94
62
59
48
51
30
30
24
25
25
37
23
16
0
;
; frq track 30 (harmonic 14)
; Freq. diffs.
; 
f629	0	128	-2
16.279
19.279
60.279
41.390
0.279
6.890
-16.721
-46.943
18.279
-28.943
72.279
57.168
14.279
22.779
-1.721
48.335
-10.721
-31.721
25.890
76.279
81.946
12.279
1.890
56.279
-39.110
-18.721
20.946
-47.721
59.001
1.279
33.390
43.279
48.001
-12.721
-11.721
-10.777
66.279
5.835
-38.721
-22.665
42.279
75.335
18.279
-14.777
-9.721
37.501
37.279
28.779
70.279
48.557
-33.721
8.279
18.668
-36.721
21.835
54.279
-32.610
7.279
-8.777
39.279
-70.277
-7.721
41.390
-22.721
35.835
18.279
10.723
-24.721
-9.721
-3.110
-6.721
-38.832
33.279
-0.721
15.279
-29.110
-19.721
-1.777
-53.721
12.390
-21.721
-24.554
-48.721
-8.110
-26.721
5.279
40.223
15.279
-47.999
-0.721
28.557
5.279
-10.777
21.279
-12.721
12.279
41.557
36.279
32.501
58.279
36.557
8.279
47.279
-40.554
40.279
52.557
-10.721
41.223
16.279
1.168
-45.721
-12.665
19.279
16.446
-40.721
29.168
74.279
27.057
-59.721
42.279
19.612
34.279
16.335
-8.721
34.723
-3.721
11.390
;
; source file ../data/Clarinet-Bb/ppG6.het
; via ../data/Clarinet-Bb/ppG6.asc
;
; number of harmonics (amp/frq track pairs):
; 15
;
; duration 1.853000 s
; avg. peak time 1043 ms
; avg. release time 1098 ms
; peak amp 4035 (track 3)
;
;
; amp track 1 (harmonic 0)
; peak time 117 ms
;
f630	0	64	-2
0
30
106
1297
3768
3714
3608
3710
3656
3410
3379
3398
3316
3234
3090
3027
3008
3042
3005
3059
3157
3199
3094
3153
3218
3245
3268
3292
3315
3364
3551
3459
3325
3329
3407
3271
3212
3243
3186
3139
3144
3157
3142
3109
3121
2988
2921
2990
3005
2969
2987
3033
3111
3104
3401
3329
3104
2946
2885
2511
1239
163
17
0
;
; frq track 2 (harmonic 0)
; Freq. diffs.
; 
f631	0	64	-2
38.238
-64.107
-26.119
-14.586
-11.859
-7.102
-4.843
-8.627
-5.953
-2.872
-2.769
0.134
-1.635
-4.654
-2.827
2.834
-1.604
4.782
4.257
1.439
0.279
1.205
4.036
0.369
2.113
1.268
0.307
-0.725
-1.726
-1.760
-4.658
0.845
0.259
-0.727
-0.760
-2.693
-2.757
-6.624
-2.086
4.020
4.230
5.171
1.374
4.980
4.264
6.106
6.234
5.272
6.174
6.236
6.238
0.445
3.985
1.333
-6.483
-5.810
-2.867
-1.836
0.167
8.925
16.684
33.633
4.331
4.331
;
; amp track 3 (harmonic 1)
; peak time 647 ms
;
f632	0	64	-2
0
9
12
168
2736
3144
3273
2827
3055
3229
3347
3466
3356
3364
3254
3140
3298
3656
3982
3871
3756
3667
4010
4007
3729
3649
3729
3670
3526
3456
3248
3352
3107
2848
2799
2945
2843
2746
2862
3230
3245
3156
3055
3096
3258
3353
3282
3272
3281
3186
3053
2932
2883
2703
1950
1968
2037
2014
2174
2159
1200
66
10
0
;
; frq track 4 (harmonic 1)
; Freq. diffs.
; 
f633	0	64	-2
77.524
-45.097
150.537
-26.809
-17.798
-12.831
-10.557
-15.306
-14.531
-4.823
-4.499
-5.442
-3.607
-1.550
-2.444
-3.407
3.285
4.441
7.418
4.717
2.600
2.527
7.191
7.512
1.923
0.572
2.394
-0.377
-2.404
-3.405
-8.301
-3.798
-0.591
-4.342
-4.467
-0.614
-0.485
-5.304
0.135
4.373
3.553
3.526
2.559
4.393
7.416
11.250
13.446
12.556
12.526
10.593
11.462
6.694
3.735
-1.296
-16.918
-12.772
-5.728
-1.760
6.238
14.238
26.638
-32.369
311.931
311.931
;
; amp track 5 (harmonic 2)
; peak time 1324 ms
;
f634	0	64	-2
0
11
7
13
173
165
135
117
88
109
139
161
159
169
149
127
141
196
249
228
189
186
264
294
206
220
248
233
219
182
163
198
217
203
215
245
198
162
225
310
322
295
287
295
341
427
412
421
404
375
369
280
241
178
77
71
92
83
124
160
43
9
5
0
;
; frq track 6 (harmonic 2)
; Freq. diffs.
; 
f635	0	64	-2
113.238
33.101
599.992
-169.778
-37.486
-18.144
-36.120
-25.153
-57.455
-5.613
-16.019
-8.046
-29.248
-8.502
-13.581
10.517
-10.028
5.154
5.235
9.905
-20.670
3.379
10.714
14.117
10.497
-4.235
-3.793
-2.797
3.030
-6.109
-7.705
-9.625
-10.723
-2.071
-1.782
-6.590
16.583
-18.508
-5.678
1.965
11.884
5.681
11.047
5.625
2.355
13.446
18.073
27.888
16.082
13.336
19.778
12.498
1.056
-2.630
-115.723
-71.893
13.199
-9.165
-2.982
26.196
54.235
296.583
-22.005
-22.005
;
; amp track 7 (harmonic 3)
; peak time 1294 ms
;
f636	0	64	-2
0
5
7
5
6
13
27
13
12
23
17
21
10
27
20
16
24
16
8
11
12
13
6
20
19
18
13
12
15
18
13
18
24
24
21
17
17
31
24
41
30
17
14
20
49
42
46
30
45
29
18
22
13
19
16
21
8
12
12
15
7
5
2
0
;
; frq track 8 (harmonic 3)
; Freq. diffs.
; 
f637	0	64	-2
74.000
69.172
84.454
486.297
-115.507
306.833
81.063
-488.653
133.557
235.364
-239.109
171.341
387.556
246.054
-154.688
-358.446
-94.429
656.372
663.737
-414.018
25.310
414.114
236.674
-217.770
-115.318
10.506
383.367
-111.332
296.437
-482.371
-333.323
115.912
146.894
-6.521
-71.368
180.022
-82.265
84.060
-216.529
-85.673
162.149
-258.923
31.624
797.308
108.597
-82.360
-110.012
-51.104
-35.140
-75.557
-260.771
502.732
-114.885
-226.996
-48.379
461.575
282.399
-239.707
125.941
37.170
-387.655
-204.540
-341.236
-341.236
;
; amp track 9 (harmonic 4)
; peak time 1000 ms
;
f638	0	64	-2
0
4
9
5
42
36
28
20
41
39
37
55
25
31
27
16
18
41
43
36
32
45
25
36
33
47
64
55
62
52
55
52
67
70
77
63
58
54
53
39
35
53
58
47
24
28
38
52
23
24
26
25
46
32
27
10
28
13
36
21
9
8
6
0
;
; frq track 10 (harmonic 4)
; Freq. diffs.
; 
f639	0	64	-2
211.714
412.542
9.122
326.075
48.624
-20.358
129.367
164.461
-3.303
-105.631
23.491
15.982
-23.468
-44.533
13.637
61.309
20.183
49.612
7.228
-9.118
38.996
-67.483
-93.432
-80.739
-122.316
-48.907
31.006
23.000
24.655
-7.956
-24.688
84.888
76.996
128.862
22.324
41.046
-5.930
-36.205
30.920
-66.796
115.214
-17.786
-17.303
-66.753
65.974
1.332
51.908
71.997
138.000
66.276
-18.248
6.819
72.988
-100.104
-105.107
-250.874
556.867
781.658
231.368
281.909
220.127
723.729
-53.751
-53.751
;
; amp track 11 (harmonic 5)
; peak time 1088 ms
;
f640	0	64	-2
0
6
13
8
20
26
33
27
22
23
18
23
29
24
10
13
15
16
31
25
11
13
19
23
17
24
17
29
30
23
29
27
14
22
29
19
13
43
19
21
43
22
14
20
19
25
13
18
25
19
17
36
24
27
11
18
18
15
14
13
8
7
5
0
;
; frq track 12 (harmonic 5)
; Freq. diffs.
; 
f641	0	64	-2
223.333
-398.460
236.650
-263.912
-237.606
-70.597
-68.733
59.744
-44.239
84.728
-2.440
-3.625
14.069
-95.745
-149.738
673.528
-224.591
-9.995
-24.161
-66.633
229.748
-166.515
67.609
160.032
14.713
47.174
-38.544
-65.697
-109.116
-90.030
17.493
-77.856
436.947
-48.335
-79.445
-220.625
-120.798
-24.120
-85.297
-55.724
20.606
400.218
-228.223
103.629
-303.140
-66.565
-322.525
-180.731
-81.738
-62.359
382.554
183.444
250.540
369.099
95.118
-68.948
218.082
373.250
431.261
556.848
599.301
-237.771
-193.808
-193.808
;
; amp track 13 (harmonic 6)
; peak time 1265 ms
;
f642	0	64	-2
0
5
9
9
21
11
11
15
10
11
12
10
12
12
8
5
21
16
26
17
19
24
19
16
30
12
21
32
21
23
30
20
23
12
13
24
30
25
23
21
25
17
21
44
32
24
26
28
15
20
12
24
17
29
21
18
16
11
30
10
11
5
2
0
;
; frq track 14 (harmonic 6)
; Freq. diffs.
; 
f643	0	64	-2
284.238
988.101
849.199
835.235
-35.658
135.979
58.988
195.367
73.913
20.158
-2.167
-71.293
-109.997
164.438
249.211
149.370
82.622
-132.402
64.216
92.236
-69.003
205.437
-82.215
75.602
198.463
-71.133
78.547
70.524
116.593
-78.805
172.271
-48.960
-127.941
-242.664
-216.622
95.105
17.763
-20.398
-12.338
329.046
-44.424
-374.206
94.499
195.056
-15.251
-29.728
90.929
108.606
187.596
-121.715
139.575
81.319
-213.689
122.241
441.824
325.544
182.353
22.646
406.528
479.628
607.131
669.993
557.289
557.289
;
; amp track 15 (harmonic 7)
; peak time 1324 ms
;
f644	0	64	-2
0
8
13
6
11
6
8
10
7
18
8
8
7
18
23
9
18
16
7
10
20
17
14
11
10
3
15
6
16
18
15
12
13
16
16
17
15
14
15
12
10
12
12
10
27
34
32
16
18
27
16
19
11
10
19
25
19
18
29
19
6
5
2
0
;
; frq track 16 (harmonic 7)
; Freq. diffs.
; 
f645	0	64	-2
-32.096
667.904
82.801
-375.369
-647.381
540.085
371.910
-156.233
-190.639
-21.148
319.567
-529.763
-132.474
10.788
-88.548
306.674
103.172
-225.611
-121.803
394.990
251.045
142.771
-188.438
-268.245
220.961
661.182
-167.877
88.739
-254.825
-110.411
321.479
-368.791
408.156
346.120
144.318
-443.116
-364.697
-3.979
-224.354
40.447
-494.008
524.177
232.327
-298.201
-256.582
-318.661
-264.046
-462.025
-282.891
-51.364
623.687
-366.724
37.996
282.184
279.982
-153.157
95.040
-164.554
-264.525
274.648
572.620
234.964
674.508
674.508
;
; amp track 17 (harmonic 8)
; peak time 1265 ms
;
f646	0	64	-2
0
10
5
10
15
9
21
35
19
41
20
13
20
25
16
15
35
22
13
21
19
8
22
12
13
9
13
20
13
10
10
19
21
13
23
13
14
13
12
21
23
19
12
44
13
10
17
38
16
18
14
19
17
21
24
20
29
22
28
21
15
6
3
0
;
; frq track 18 (harmonic 8)
; Freq. diffs.
; 
f647	0	64	-2
130.762
-395.445
351.100
-186.815
467.396
-249.062
-175.853
-210.019
-292.357
-215.001
-226.423
-88.176
603.366
134.507
341.374
539.603
-8.657
285.733
585.071
189.982
-77.679
-299.322
-265.644
-371.459
-381.520
-238.352
-196.246
442.934
-128.818
-443.743
868.882
91.303
-196.943
-99.711
326.330
-26.633
733.469
-430.662
-167.066
224.768
411.106
134.518
539.305
152.397
-82.837
105.322
544.092
-37.469
805.547
335.548
129.480
603.821
-324.901
283.049
-217.366
-58.580
-271.629
567.803
-414.168
120.661
369.021
-169.988
-355.021
-355.021
;
; amp track 19 (harmonic 9)
; peak time 1000 ms
;
f648	0	64	-2
0
10
14
10
10
11
18
27
32
33
10
26
15
11
9
16
13
14
21
9
14
22
23
18
20
17
17
15
37
18
27
38
16
27
39
19
19
15
9
21
22
29
27
19
23
26
36
23
25
19
19
22
30
14
28
21
29
24
16
22
16
4
5
0
;
; frq track 20 (harmonic 9)
; Freq. diffs.
; 
f649	0	64	-2
166.190
330.328
248.126
118.453
-471.731
-338.338
149.759
46.865
79.835
229.833
768.700
-41.861
486.454
-210.904
603.118
772.119
-48.502
239.611
-158.588
-410.795
823.122
133.809
456.165
515.086
-128.816
-253.361
-85.779
-505.809
-212.292
-388.242
-254.583
-38.261
-212.584
310.509
-129.389
-174.209
738.030
519.013
685.312
-325.702
-367.323
-265.110
-88.130
-67.298
633.174
-40.678
-0.253
409.555
-298.252
-296.859
-300.546
473.544
-298.652
243.816
550.246
496.061
304.048
334.048
533.082
-189.985
433.646
519.137
-207.880
-207.880
;
; amp track 21 (harmonic 10)
; peak time 1176 ms
;
f650	0	64	-2
0
11
8
8
22
13
13
13
12
19
13
19
16
26
24
12
15
13
13
16
28
17
10
12
19
18
14
14
44
37
45
36
39
36
24
17
23
17
13
16
46
38
23
30
25
25
15
20
37
34
12
31
22
15
28
20
20
16
18
23
7
10
4
0
;
; frq track 22 (harmonic 10)
; Freq. diffs.
; 
f651	0	64	-2
65.191
-181.980
771.150
-501.879
371.982
90.311
301.645
334.035
423.781
125.832
14.168
-282.223
376.164
385.846
264.523
457.414
470.717
190.227
480.812
-328.033
-256.367
453.828
309.500
376.789
-558.969
493.600
-538.115
-446.096
201.078
-174.016
-117.816
-107.543
53.441
-44.316
-166.109
-164.854
-87.346
309.035
262.514
110.617
-114.760
26.129
-265.396
-521.514
-329.660
349.668
-158.654
81.611
412.553
-243.383
-340.848
-107.154
-251.498
-461.314
-93.930
-214.217
302.729
444.094
-442.156
219.559
-612.385
373.965
-393.957
-393.957
;
; amp track 23 (harmonic 11)
; peak time 1677 ms
;
f652	0	64	-2
0
3
15
7
9
18
8
19
17
10
21
10
6
26
14
20
8
18
21
15
14
18
8
9
13
15
12
15
12
15
14
18
19
11
12
13
11
12
9
14
14
23
20
32
12
32
12
15
22
17
13
9
18
18
15
16
20
38
13
11
11
6
3
0
;
; frq track 24 (harmonic 11)
; Freq. diffs.
; 
f653	0	64	-2
5.143
-148.375
-222.221
-585.881
-154.271
-353.619
616.496
173.947
157.330
111.770
233.451
-276.641
591.156
272.521
543.467
-123.236
201.543
330.902
-33.832
63.211
-248.717
150.871
166.990
212.518
-539.166
37.545
375.035
-408.861
-358.650
259.957
-6.346
450.510
-58.672
14.527
-15.699
730.492
32.033
-794.344
-687.490
188.846
56.857
171.924
-89.520
-297.969
210.967
-173.402
-340.877
-115.893
-150.393
93.434
3.562
409.641
41.443
99.084
-482.102
164.926
350.514
-78.232
-474.697
359.355
-103.777
-485.234
-411.148
-411.148
;
; amp track 25 (harmonic 12)
; peak time 941 ms
;
f654	0	64	-2
0
2
8
6
13
7
11
15
8
8
14
15
6
11
16
20
11
18
11
16
8
18
20
18
13
24
19
17
17
26
9
13
30
20
21
23
21
22
13
9
19
14
13
22
17
10
11
11
16
13
14
18
11
11
9
13
10
10
8
18
7
5
2
0
;
; frq track 26 (harmonic 12)
; Freq. diffs.
; 
f655	0	64	-2
72.619
789.033
-404.746
354.395
-346.354
-714.113
447.146
-376.949
231.182
225.811
-502.367
-17.691
-779.002
-632.609
368.854
-112.965
-83.436
-398.852
96.914
-449.361
4.412
-221.318
-374.443
95.824
-528.768
-349.773
261.926
-256.854
157.811
178.166
278.053
364.447
52.752
166.555
-131.119
-10.682
-408.000
381.426
-386.527
330.994
107.598
326.951
805.527
-115.588
-154.008
-257.023
122.080
343.703
-570.109
379.697
-109.441
-381.658
-368.332
246.654
512.137
332.453
-446.559
-620.926
534.359
60.541
553.414
-493.008
230.910
230.910
;
; amp track 27 (harmonic 13)
; peak time 588 ms
;
f656	0	64	-2
0
3
4
3
5
2
7
9
13
2
15
10
10
10
17
9
17
11
7
12
28
12
14
19
17
8
14
14
22
20
23
15
14
9
19
9
16
15
19
7
3
12
18
6
6
25
5
9
13
11
11
10
15
18
23
11
5
13
13
4
4
2
3
0
;
; frq track 28 (harmonic 13)
; Freq. diffs.
; 
f657	0	64	-2
267.572
-24.014
-148.000
-281.865
-3.373
1411.510
413.225
386.525
365.102
1638.107
429.875
342.686
354.713
-329.010
-325.551
-519.568
252.980
-495.000
347.484
365.299
361.701
299.783
278.119
188.764
-155.814
113.938
-0.270
332.682
76.715
354.715
275.404
-169.639
-314.262
-198.561
280.363
-318.055
-196.137
-326.762
163.551
-590.498
-45.879
-49.191
-129.557
-639.969
-639.447
34.438
-709.846
313.041
356.471
-212.121
-46.273
-190.285
-137.219
-260.041
314.068
36.406
-329.365
-81.156
257.479
28.742
159.250
-906.369
-212.023
-212.023
;
; amp track 29 (harmonic 14)
; peak time 941 ms
;
f658	0	64	-2
0
2
6
6
10
5
12
11
6
8
11
13
5
8
19
17
10
16
10
12
7
14
16
17
12
23
19
14
17
28
10
15
29
20
20
21
16
25
10
10
18
15
16
19
17
10
10
13
15
15
14
13
8
12
9
16
8
10
9
17
8
3
3
0
;
; frq track 30 (harmonic 14)
; Freq. diffs.
; 
f659	0	64	-2
-168.762
-688.211
496.912
-244.783
383.789
942.342
-344.793
496.203
-53.498
-62.441
-56.207
104.498
-710.545
472.004
-475.908
116.895
204.123
-380.969
-26.424
532.328
135.414
286.830
488.811
-16.707
-91.424
-301.268
-255.062
352.539
-99.613
-252.818
-184.213
-241.658
-99.826
-106.523
275.920
67.676
491.934
-318.807
492.303
-190.381
8.148
-333.367
-629.197
205.609
-638.611
-761.951
-83.975
-435.217
-196.793
-364.764
-426.361
500.148
511.432
-334.549
-339.582
-553.482
-523.820
-446.299
-455.436
-47.336
-433.199
608.051
-158.975
-158.975
;
; source file ../data/Clarinet-Bb/ffD3.het
; via ../data/Clarinet-Bb/ffD3.asc
;
; number of harmonics (amp/frq track pairs):
; 15
;
; duration 2.295000 s
; avg. peak time 1099 ms
; avg. release time 1374 ms
; peak amp 7471 (track 1)
;
;
; amp track 1 (harmonic 0)
; peak time 1391 ms
;
f660	0	128	-2
0
10
18
16
22
24
50
98
211
547
1457
3305
5088
5805
5936
6012
6118
6206
6280
6302
6343
6350
6398
6459
6468
6493
6532
6576
6622
6654
6674
6692
6730
6741
6760
6780
6772
6775
6783
6783
6826
6829
6848
6890
6911
6942
6987
6989
6980
6996
7030
7032
7070
7071
7069
7094
7102
7139
7161
7200
7223
7238
7239
7264
7295
7299
7312
7347
7343
7328
7362
7396
7414
7447
7468
7468
7468
7471
7464
7441
7435
7427
7419
7428
7441
7436
7424
7383
7376
7336
7338
7342
7323
7317
7292
7274
7266
7230
7237
7261
7296
7305
7303
7299
7265
7257
7238
7212
7202
7192
7179
7182
7179
7158
7111
7001
6729
6258
5106
3754
2687
1914
1343
947
643
440
300
0
;
; frq track 2 (harmonic 0)
; Freq. diffs.
; 
f661	0	128	-2
0.721
-1.168
-65.495
-83.236
-59.666
-21.523
-3.348
0.495
1.653
1.717
2.665
2.718
2.721
1.776
0.832
0.727
0.721
0.721
0.721
0.721
0.721
0.721
0.721
0.721
0.721
0.721
0.721
0.721
0.721
0.721
0.721
0.721
0.721
0.721
0.721
0.721
0.721
0.721
0.721
0.721
0.721
0.721
0.721
0.721
0.721
0.721
0.721
0.721
0.721
0.721
0.721
0.721
0.721
0.721
-0.224
-0.276
-0.279
-0.279
-0.279
-0.279
-0.279
-0.279
-0.279
-0.279
-0.279
-0.279
-0.279
-0.279
-0.279
-0.279
-0.279
-0.279
-0.279
-0.279
-0.279
-0.279
-0.279
-0.279
-0.279
-0.279
-0.279
-0.279
-0.279
-0.279
-0.279
-0.279
-0.279
-0.279
-0.279
-0.279
-0.279
-0.279
-0.279
-0.279
-0.279
-0.279
-0.279
-0.279
-0.279
-0.279
-0.279
-0.279
-0.279
-0.279
-0.279
-0.279
-0.279
-0.279
-0.279
-0.279
-0.279
-0.279
-0.279
-0.279
-0.279
-0.279
0.665
0.718
1.665
1.718
1.721
1.721
1.721
1.721
1.721
1.721
-0.069
-0.069
;
; amp track 3 (harmonic 1)
; peak time 234 ms
;
f662	0	128	-2
0
7
4
8
7
9
5
8
9
18
109
444
800
870
820
742
696
653
613
564
548
550
551
543
519
493
503
496
492
500
493
498
494
458
462
459
431
419
410
414
413
415
412
416
418
424
430
417
404
402
409
398
397
396
388
381
378
381
372
383
381
368
364
370
370
363
362
357
365
340
344
341
346
339
338
334
344
333
333
334
333
344
341
345
329
327
319
317
320
315
331
338
338
332
329
326
321
321
317
322
330
321
317
301
304
316
318
320
324
326
337
333
343
342
331
297
245
172
115
86
49
28
20
7
9
5
5
0
;
; frq track 4 (harmonic 1)
; Freq. diffs.
; 
f663	0	128	-2
1.349
-5.262
-78.352
-38.968
20.831
-29.680
-64.597
-45.759
-22.046
0.049
2.221
2.342
4.237
3.398
2.459
1.411
1.352
1.349
1.349
1.349
1.349
1.349
1.349
1.349
1.349
2.293
1.401
1.352
1.349
1.349
1.349
1.349
0.404
1.296
1.346
1.349
1.349
1.349
1.349
1.349
1.349
1.349
1.349
0.404
0.352
0.349
0.349
0.349
0.349
0.349
0.349
0.349
0.349
0.349
0.349
0.349
0.349
0.349
0.349
0.349
-0.596
0.296
-0.599
0.296
0.346
-0.596
-0.648
0.293
-0.599
0.296
-0.551
0.299
-0.598
-0.648
-0.651
-0.651
0.293
-0.599
0.296
-0.599
0.296
-0.599
-0.648
-0.651
-0.651
0.293
-0.599
0.296
-0.599
0.296
-0.599
-0.648
-0.651
-0.651
-0.651
-0.651
-0.651
0.293
0.343
-0.596
0.296
-0.599
0.296
-0.599
-0.648
0.293
-0.599
-0.648
-0.651
-0.651
-0.651
-0.651
-0.651
-0.651
0.293
0.346
-0.596
1.241
-1.490
2.136
3.281
3.345
4.293
37.401
-2.315
-30.966
-57.526
-57.526
;
; amp track 5 (harmonic 2)
; peak time 1373 ms
;
f664	0	128	-2
0
5
3
6
4
9
29
44
90
203
497
860
1352
2770
3364
3623
3766
3875
3972
4019
4037
4066
4108
4142
4144
4162
4196
4228
4254
4294
4306
4342
4370
4358
4375
4405
4397
4389
4383
4389
4402
4416
4430
4439
4461
4491
4514
4511
4515
4516
4543
4547
4563
4573
4552
4553
4566
4588
4603
4623
4636
4628
4635
4655
4649
4635
4658
4664
4655
4636
4646
4671
4688
4695
4716
4728
4743
4731
4720
4696
4677
4697
4687
4682
4683
4670
4663
4630
4604
4592
4606
4603
4618
4601
4604
4579
4564
4523
4511
4517
4536
4532
4516
4517
4471
4434
4412
4396
4365
4357
4332
4327
4313
4302
4236
4110
3830
3356
2301
1288
667
348
185
98
48
25
13
0
;
; frq track 6 (harmonic 2)
; Freq. diffs.
; 
f665	0	128	-2
0.791
-2.987
-23.030
8.912
-16.703
-15.292
-4.825
-5.188
-4.264
-3.268
-0.379
10.170
15.478
5.384
3.064
2.806
1.847
1.794
1.791
1.791
1.791
1.791
1.791
1.791
1.791
1.791
1.791
1.791
1.791
1.791
1.791
1.791
1.791
1.791
1.791
1.791
1.791
1.791
1.791
1.791
1.791
0.846
0.797
0.791
0.791
0.791
0.791
0.791
0.791
0.791
0.791
0.791
0.791
-0.154
0.738
0.788
-0.104
-0.203
-0.209
-0.209
-0.209
-0.209
-0.209
-0.209
-0.209
-0.209
-0.209
-0.209
-0.209
-0.209
-0.209
-0.209
-0.209
-0.209
-0.209
-0.209
-0.209
-0.209
-0.209
-0.209
-1.154
-0.262
-1.157
-1.206
-1.209
-1.209
-1.209
-0.265
-1.157
-1.206
-1.209
-1.209
-1.209
-1.209
-1.209
-1.209
-1.209
-0.265
-1.110
-0.259
-1.157
-1.206
-1.209
-1.209
-1.209
-1.209
-1.209
-1.209
-1.209
-1.209
-1.209
-1.209
-1.209
-1.209
-1.209
-0.265
-0.212
0.735
-0.157
-1.151
-2.150
-2.206
-2.209
-3.154
-4.151
-3.262
5.733
5.733
;
; amp track 7 (harmonic 3)
; peak time 271 ms
;
f666	0	128	-2
0
7
2
3
4
13
6
6
6
11
68
106
340
960
1189
1247
1241
1239
1218
1173
1148
1168
1186
1177
1139
1117
1131
1124
1119
1141
1139
1145
1134
1096
1088
1094
1043
1002
988
983
983
986
994
1002
998
1016
1014
1006
999
987
996
1000
988
983
972
951
967
966
974
976
958
967
954
970
968
957
958
972
949
938
940
952
950
954
955
955
950
938
938
933
957
937
920
932
925
915
910
917
913
904
916
901
915
899
890
898
898
879
868
888
886
880
879
895
875
870
867
864
869
876
853
864
860
863
845
808
750
674
360
147
62
21
5
4
4
4
4
0
;
; frq track 8 (harmonic 3)
; Freq. diffs.
; 
f667	0	128	-2
1.558
14.780
-10.930
-32.191
-9.761
35.874
30.853
19.241
73.374
66.937
6.135
15.035
6.085
4.643
3.672
3.565
2.614
2.561
2.558
2.558
2.558
2.558
2.558
2.558
2.558
2.558
2.558
2.558
2.558
2.558
2.558
1.614
1.561
1.558
2.503
1.611
1.561
1.558
1.558
1.558
1.558
1.558
1.558
1.558
1.558
1.558
0.614
0.561
0.558
0.558
0.558
0.558
0.558
0.558
0.558
0.558
0.558
0.558
0.558
0.558
-0.386
-0.439
-0.442
-0.442
-0.442
-0.442
-0.442
-0.442
-0.442
-0.442
-0.442
-0.442
-0.442
-0.442
-0.442
-0.442
-0.442
-0.442
-0.442
-0.442
-0.442
-1.386
-0.494
-1.389
-1.436
-0.497
-0.445
-0.442
-0.442
-0.442
-0.442
-1.386
-1.439
-0.497
-1.389
-0.494
-1.389
-0.494
-0.447
-0.442
-0.442
-0.442
-0.442
-0.442
-1.386
-0.494
-1.389
-0.494
-1.389
-0.494
-0.445
-1.386
-0.541
-1.392
-1.439
-1.442
-1.442
2.336
0.657
-1.325
0.454
0.552
75.169
27.370
-8.341
22.730
-49.897
-49.897
;
; amp track 9 (harmonic 4)
; peak time 578 ms
;
f668	0	128	-2
0
4
9
8
6
23
32
37
45
63
89
268
521
2599
3525
3969
4202
4432
4583
4575
4513
4568
4767
4846
4702
4654
4728
4770
4785
4828
4932
4951
4958
4858
4757
4831
4712
4498
4398
4395
4397
4398
4448
4508
4580
4644
4750
4667
4607
4559
4663
4686
4643
4634
4523
4495
4499
4614
4589
4596
4659
4625
4574
4642
4639
4512
4620
4612
4572
4431
4428
4485
4484
4543
4562
4561
4550
4479
4390
4382
4354
4465
4431
4422
4349
4309
4278
4192
4172
4176
4190
4288
4275
4274
4253
4165
4089
4011
4040
4055
4125
4080
4071
3997
4033
4015
4000
3965
4012
4026
4032
4090
4135
4151
3972
3562
2774
1971
585
131
33
16
9
4
3
2
3
0
;
; frq track 10 (harmonic 4)
; Freq. diffs.
; 
f669	0	128	-2
2.140
21.028
-18.533
-24.509
-23.896
-32.362
-32.833
-37.581
-35.956
-31.144
-9.154
8.123
32.694
5.726
4.307
4.149
3.196
3.143
3.140
3.140
3.140
3.140
3.140
3.140
3.140
3.140
3.140
3.140
3.140
3.140
2.195
3.087
2.192
2.142
3.084
2.192
2.142
3.084
2.192
2.142
2.140
2.140
2.140
2.140
1.195
1.143
1.140
1.140
1.140
1.140
1.140
1.140
1.140
0.195
1.087
0.192
0.145
0.140
0.140
0.140
0.140
0.140
0.140
0.140
-0.805
0.087
-0.808
-0.858
-0.860
-0.860
-0.860
-0.860
-0.860
-0.860
-0.860
-0.860
-0.860
-0.860
-0.860
-0.860
-0.860
-0.860
-0.860
-0.860
-0.860
-0.860
-0.860
-0.860
-0.860
-0.860
-0.860
-0.860
-0.860
-0.860
-0.860
-0.860
-0.860
-0.860
-0.860
-0.860
-0.860
-0.860
-1.805
-0.913
-1.808
-0.913
-0.863
-0.861
-0.860
-0.860
-0.860
-1.805
-1.855
-1.860
-0.916
-0.864
-0.861
-1.805
-0.913
-4.641
-43.570
-32.511
-31.897
38.971
-30.759
12.590
29.187
29.187
;
; amp track 11 (harmonic 5)
; peak time 1409 ms
;
f670	0	128	-2
0
3
5
10
5
21
43
45
63
79
96
162
136
552
892
952
896
848
798
783
757
783
827
860
903
935
963
1020
1049
1090
1127
1141
1188
1203
1215
1238
1249
1274
1267
1303
1314
1325
1325
1326
1361
1372
1415
1431
1432
1435
1424
1491
1483
1496
1499
1506
1530
1524
1562
1590
1603
1611
1589
1640
1669
1641
1638
1623
1664
1667
1669
1705
1713
1738
1731
1758
1715
1756
1761
1741
1687
1715
1690
1723
1723
1706
1701
1695
1658
1644
1628
1627
1650
1623
1618
1625
1616
1624
1585
1580
1616
1626
1625
1649
1636
1611
1599
1582
1563
1572
1549
1546
1527
1505
1444
1449
1347
1056
283
95
33
10
3
1
2
1
1
0
;
; frq track 12 (harmonic 5)
; Freq. diffs.
; 
f671	0	128	-2
2.791
-0.987
17.692
31.952
48.800
45.013
53.303
55.653
42.561
52.222
55.592
47.280
-14.571
2.771
4.578
3.834
3.793
2.846
2.794
2.791
2.791
2.791
1.846
1.794
3.680
3.785
2.846
3.738
2.890
3.741
2.844
2.794
2.791
2.791
3.735
2.843
2.794
2.791
2.791
2.791
2.791
2.791
1.896
1.797
1.791
1.791
1.791
1.791
1.791
1.791
0.846
0.794
0.791
0.791
-0.154
0.738
0.785
-0.154
0.738
0.788
0.791
-0.154
-0.206
-0.209
-0.209
-0.209
-0.209
-1.154
-1.206
-0.265
-1.110
-1.204
-1.209
-0.265
-1.157
-1.206
-2.154
-1.262
-0.268
-1.157
-1.206
-1.209
-1.209
-1.209
-1.209
-1.209
-1.209
-1.209
-1.209
-2.154
-1.262
-1.212
-1.209
-1.209
-2.154
-1.262
-1.212
-1.209
-1.209
-1.209
-1.209
-1.209
-1.209
-1.209
-1.209
-2.154
-2.206
-2.209
-2.209
-1.265
-1.212
-1.209
-1.209
-1.209
-1.209
-0.265
1.677
5.562
6.722
17.176
42.312
28.597
-26.942
-10.194
29.458
28.828
-35.626
-35.626
;
; amp track 13 (harmonic 6)
; peak time 325 ms
;
f672	0	128	-2
0
3
7
6
4
22
24
24
12
24
40
144
455
1461
2039
2302
2386
2478
2502
2431
2366
2348
2382
2404
2299
2288
2296
2297
2309
2346
2318
2377
2359
2302
2272
2288
2242
2162
2153
2128
2123
2139
2166
2203
2213
2263
2272
2235
2206
2197
2237
2225
2226
2195
2160
2173
2162
2180
2191
2200
2232
2229
2212
2224
2207
2165
2208
2210
2180
2109
2120
2175
2168
2188
2220
2197
2220
2163
2166
2158
2186
2211
2220
2203
2163
2149
2157
2118
2105
2082
2136
2156
2150
2132
2113
2071
2010
2028
2008
2036
2061
2022
2001
1983
1955
1959
1906
1907
1925
1958
1965
1980
2003
2030
1954
1692
1245
751
171
41
16
6
2
2
2
3
3
0
;
; frq track 14 (harmonic 6)
; Freq. diffs.
; 
f673	0	128	-2
3.349
9.960
11.272
-8.489
2.691
-12.743
-33.434
-44.028
-98.450
8.082
27.223
0.897
19.268
10.844
7.717
5.480
5.356
5.349
5.349
5.349
5.349
4.404
4.352
4.349
5.293
4.401
4.352
4.349
4.349
4.349
3.404
3.352
3.349
3.349
3.349
3.349
3.349
4.293
3.401
3.352
3.349
3.349
3.349
2.404
2.352
1.405
2.296
1.401
1.352
1.349
1.349
1.349
1.349
0.404
1.296
0.401
0.354
0.349
0.349
0.349
0.349
0.349
0.349
-0.596
-0.648
-0.651
-0.651
-0.651
-0.651
-0.651
-0.651
-0.651
-0.651
-1.596
-0.704
-1.599
-1.648
-1.651
-0.707
-1.599
-1.648
-1.651
-1.651
-1.651
-1.651
-1.651
-1.651
-1.651
-1.651
-0.707
-1.599
-1.648
-1.651
-1.651
-1.651
-1.651
-1.651
-1.651
-1.651
-1.651
-1.651
-1.651
-1.651
-1.651
-1.651
-1.651
-1.651
-1.651
-1.651
-1.651
-1.651
-1.651
-2.546
-1.701
-1.654
-0.707
-0.654
-1.596
-6.370
-59.524
-0.144
15.433
4.965
-4.117
-49.010
-22.227
15.867
15.867
;
; amp track 15 (harmonic 7)
; peak time 1554 ms
;
f674	0	128	-2
0
8
13
10
8
26
22
52
112
124
103
97
472
1064
1148
850
737
946
1102
1246
1206
1240
1213
1344
1421
1437
1452
1551
1633
1689
1729
1788
1871
1954
1986
2020
2188
2294
2349
2319
2358
2351
2392
2456
2537
2529
2566
2698
2766
2734
2710
2799
2848
2861
2920
3006
2977
3018
3080
3140
3164
3271
3330
3359
3408
3444
3458
3457
3562
3607
3609
3714
3747
3759
3805
3882
3924
4023
3971
3978
3973
3962
3967
3992
4025
4063
4088
3995
3996
3937
3890
3855
3841
3823
3778
3764
3778
3769
3717
3709
3731
3875
3868
3819
3829
3872
3846
3854
3814
3809
3739
3786
3792
3863
3904
3913
3456
2509
1030
285
79
28
8
1
1
2
2
0
;
; frq track 16 (harmonic 7)
; Freq. diffs.
; 
f675	0	128	-2
4.000
5.889
-43.117
-12.784
31.401
-12.422
-62.079
-38.393
-21.022
-32.335
-27.296
30.595
-18.134
5.604
9.537
9.974
9.999
7.167
6.065
5.059
5.948
5.053
5.003
5.000
5.000
5.000
5.944
5.052
5.005
5.000
5.000
4.056
4.003
4.000
4.000
4.000
4.000
4.000
4.000
4.000
3.056
3.948
3.100
3.005
3.000
2.056
2.003
2.000
2.000
2.000
2.000
1.056
1.003
1.000
1.000
1.000
1.000
1.000
0.056
0.003
0.000
0.000
0.000
0.000
0.000
0.000
-0.944
-0.997
-1.000
-1.000
-1.000
-1.000
-1.000
-1.000
-1.000
-1.000
-1.944
-1.997
-2.000
-2.000
-2.000
-2.000
-2.000
-2.000
-2.000
-2.000
-2.000
-2.000
-2.000
-2.000
-2.000
-2.000
-2.000
-2.000
-2.000
-2.000
-2.000
-2.000
-2.000
-2.000
-2.000
-2.000
-2.000
-2.000
-2.000
-2.000
-2.000
-2.000
-2.000
-2.000
-2.000
-2.000
-2.000
-2.000
-2.000
-2.000
-0.111
-0.006
-5.667
4.407
2.134
3.896
0.216
2.845
-9.286
0.429
-25.008
-25.008
;
; amp track 17 (harmonic 8)
; peak time 1355 ms
;
f676	0	128	-2
0
7
15
6
4
7
12
9
5
9
30
71
218
607
696
736
829
960
1020
1015
993
997
1019
1049
1038
1046
1067
1101
1129
1160
1180
1221
1256
1256
1264
1302
1308
1304
1319
1303
1314
1336
1365
1404
1413
1432
1483
1471
1462
1472
1511
1515
1548
1538
1516
1544
1537
1547
1564
1575
1604
1597
1594
1627
1618
1574
1614
1633
1605
1540
1553
1589
1609
1633
1632
1677
1674
1664
1625
1634
1638
1661
1658
1650
1595
1580
1577
1550
1533
1546
1560
1582
1572
1578
1544
1499
1477
1455
1450
1481
1498
1468
1480
1463
1413
1424
1401
1385
1387
1381
1361
1375
1355
1361
1264
1102
802
524
88
35
10
4
2
2
2
2
1
0
;
; frq track 18 (harmonic 8)
; Freq. diffs.
; 
f677	0	128	-2
3.628
63.128
45.656
59.796
-31.029
-24.742
40.774
0.969
-90.020
-46.908
24.432
23.673
-15.092
9.199
11.372
9.725
7.744
7.634
6.684
6.631
6.628
5.683
5.631
6.573
5.680
5.631
5.628
5.628
5.628
4.683
4.631
4.628
4.628
4.628
4.628
4.628
4.628
4.628
4.628
4.628
4.628
3.683
3.634
3.628
2.683
2.631
2.628
2.628
1.683
2.575
1.681
1.631
1.628
1.628
0.683
1.575
0.728
0.633
0.628
0.628
0.628
-0.317
-0.369
-0.372
-0.372
-0.372
-0.372
-1.317
-1.369
-0.427
-1.273
-1.367
-1.372
-1.372
-1.372
-1.372
-2.317
-2.369
-2.372
-2.372
-2.372
-2.372
-2.372
-1.428
-2.273
-2.367
-2.372
-2.372
-1.428
-2.320
-2.369
-2.372
-2.372
-2.372
-2.372
-2.372
-1.428
-2.320
-2.367
-1.427
-2.320
-2.369
-2.372
-2.372
-2.372
-2.372
-2.372
-2.372
-2.372
-2.372
-2.372
-2.372
-3.267
-2.422
-2.375
-1.428
-0.431
2.458
-22.881
4.044
9.318
-16.834
12.880
-44.969
-37.794
-13.784
33.111
33.111
;
; amp track 19 (harmonic 9)
; peak time 1554 ms
;
f678	0	128	-2
0
18
32
7
7
13
14
12
32
17
9
75
271
716
1186
1291
1229
1144
1094
1019
923
939
941
896
822
781
777
781
768
749
769
780
739
748
741
750
780
782
779
754
770
804
819
852
865
900
924
969
978
962
1022
1012
1060
1085
1093
1133
1123
1147
1198
1217
1250
1276
1304
1311
1376
1364
1366
1410
1452
1424
1470
1523
1540
1591
1596
1622
1655
1664
1661
1647
1643
1669
1677
1674
1694
1686
1698
1667
1644
1661
1617
1606
1595
1607
1567
1541
1532
1499
1496
1514
1510
1538
1520
1522
1456
1470
1437
1401
1405
1374
1365
1374
1343
1332
1331
1268
1066
642
108
32
10
6
2
2
3
2
2
0
;
; frq track 20 (harmonic 9)
; Freq. diffs.
; 
f679	0	128	-2
4.093
-23.296
8.238
-6.066
-8.749
56.268
16.436
-45.277
-3.372
-28.433
-87.436
16.008
-17.912
8.537
9.035
8.145
8.096
8.093
7.149
7.096
7.093
6.149
6.096
7.038
7.090
6.148
7.041
6.146
6.099
6.093
5.149
6.041
6.090
5.148
4.152
5.985
6.087
6.093
5.149
4.152
4.096
4.093
3.198
4.043
4.090
3.148
3.096
3.093
3.093
2.149
2.096
2.093
1.149
1.096
2.038
1.146
1.099
0.149
0.096
0.093
0.093
0.093
0.093
0.093
-0.851
-0.904
-0.907
-1.851
-0.959
-0.910
-0.907
-1.851
-1.904
-1.907
-1.907
-1.907
-1.907
-1.907
-1.907
-2.851
-1.959
-2.854
-1.960
-2.854
-2.007
-1.912
-1.907
-2.851
-1.959
-1.910
-2.852
-2.904
-2.907
-2.907
-2.907
-2.907
-1.963
-1.910
-1.907
-1.907
-2.851
-1.959
-2.854
-2.904
-2.907
-1.963
-2.854
-2.904
-2.907
-2.907
-2.907
-1.963
-2.808
-1.957
-2.854
-0.071
1.973
-5.469
2.617
-8.267
-2.260
-7.593
35.555
15.285
15.104
-6.629
4.754
4.754
;
; amp track 21 (harmonic 10)
; peak time 1373 ms
;
f680	0	128	-2
0
14
23
6
7
32
11
25
32
13
17
43
390
844
737
543
581
800
1023
1112
1117
1125
1187
1262
1253
1283
1308
1317
1343
1376
1405
1408
1459
1452
1436
1445
1456
1486
1476
1450
1476
1480
1503
1522
1529
1548
1569
1602
1594
1620
1648
1642
1671
1706
1663
1674
1664
1657
1666
1649
1704
1707
1717
1734
1746
1692
1711
1732
1744
1676
1657
1715
1707
1709
1731
1725
1757
1720
1690
1694
1665
1721
1705
1674
1622
1607
1615
1594
1555
1582
1652
1627
1649
1636
1616
1582
1539
1529
1520
1556
1558
1525
1566
1566
1545
1548
1571
1551
1570
1573
1547
1562
1546
1521
1427
1271
1183
1096
261
99
44
14
4
2
2
2
3
0
;
; frq track 22 (harmonic 10)
; Freq. diffs.
; 
f681	0	128	-2
4.977
-8.245
42.020
29.701
50.739
-11.370
36.180
19.932
0.141
-53.848
-14.347
3.903
-14.916
8.594
11.621
11.957
11.976
8.199
7.989
8.922
8.029
7.980
7.032
7.924
7.029
6.980
6.032
6.924
6.076
5.982
5.977
5.032
5.924
5.029
4.980
4.977
4.977
4.977
5.921
5.029
4.980
4.977
4.082
3.983
3.033
2.980
2.977
2.977
2.032
2.924
2.029
1.980
1.032
0.980
1.921
1.974
1.082
0.983
0.033
-0.020
-0.023
-0.023
-0.023
-0.968
-0.076
-0.971
-1.020
-1.023
-1.023
-1.023
-1.023
-1.023
-1.023
-1.968
-2.020
-2.023
-2.968
-2.076
-2.026
-2.023
-2.023
-2.968
-2.076
-2.971
-2.123
-2.973
-2.076
-2.026
-2.023
-2.968
-2.076
-2.971
-3.020
-2.079
-2.971
-3.020
-3.023
-2.079
-2.029
-2.024
-2.968
-3.020
-3.023
-3.023
-3.023
-3.023
-3.023
-2.079
-2.971
-2.076
-2.971
-3.020
-3.023
-3.023
-3.023
-3.023
-2.079
0.807
-15.088
1.973
6.699
6.017
-16.688
-34.949
15.036
22.536
39.036
39.036
;
; amp track 23 (harmonic 11)
; peak time 1554 ms
;
f682	0	128	-2
0
3
22
10
4
20
10
16
13
7
16
29
180
271
309
452
601
651
638
640
613
616
650
661
632
620
606
609
610
630
620
628
590
545
536
500
425
359
300
287
267
248
235
225
208
206
185
130
98
72
91
48
25
48
105
134
121
126
177
189
226
272
290
319
341
356
382
383
457
509
540
587
593
639
644
695
681
796
788
793
756
751
725
767
797
841
866
817
781
782
722
676
667
654
657
657
669
699
656
651
638
688
701
720
702
684
646
655
626
622
561
577
517
484
529
628
735
524
96
40
15
5
1
2
2
2
1
0
;
; frq track 24 (harmonic 11)
; Freq. diffs.
; 
f683	0	128	-2
4.953
-56.435
17.599
10.378
19.422
-26.354
13.603
-33.288
16.996
55.678
54.049
-14.041
-14.991
18.012
17.960
11.343
9.086
6.128
7.852
7.948
7.009
6.957
6.009
6.901
7.895
7.006
6.956
6.954
6.059
6.904
6.006
5.956
5.954
5.953
5.009
4.012
3.957
4.898
4.950
4.009
4.901
4.951
5.848
4.059
1.126
3.796
3.945
3.009
-2.710
0.750
5.664
-2.563
30.980
-4.934
-1.262
1.775
1.935
-0.881
2.740
-3.669
3.530
0.152
-0.036
-1.935
-1.096
-0.105
-1.939
-2.041
-2.046
-1.102
-1.947
-2.985
-3.043
-2.102
-2.050
-2.991
-3.043
-3.046
-2.102
-2.994
-2.099
-2.994
-3.988
-3.099
-3.947
-3.097
-2.105
-2.994
-3.044
-3.046
-3.991
-4.043
-4.046
-4.047
-4.047
-4.047
-3.102
-3.050
-3.942
-4.041
-3.102
-3.994
-3.099
-3.994
-3.099
-3.994
-4.044
-4.046
-4.991
-3.155
-3.997
-2.155
-4.742
-4.085
-4.049
-2.158
0.781
3.777
-17.779
-1.032
4.621
1.157
17.020
19.791
32.222
29.135
-9.501
-9.501
;
; amp track 25 (harmonic 12)
; peak time 831 ms
;
f684	0	128	-2
0
7
10
4
5
15
6
8
14
9
5
16
102
242
256
191
89
63
126
158
156
157
173
193
187
202
191
204
216
241
228
240
241
246
244
251
255
245
238
242
237
237
246
246
251
254
262
260
253
255
258
263
254
249
241
240
233
238
224
235
237
239
228
231
218
226
237
234
216
204
191
201
193
184
189
185
195
169
169
159
167
176
181
169
164
157
154
163
168
161
173
188
191
182
178
183
173
177
176
172
180
168
187
168
172
169
187
178
187
193
214
205
226
226
213
146
104
106
36
19
7
1
2
2
1
1
2
0
;
; frq track 26 (harmonic 12)
; Freq. diffs.
; 
f685	0	128	-2
6.256
-24.911
-11.531
-57.066
-28.429
-16.449
7.828
-52.212
-12.104
-24.042
-30.372
-19.390
-17.836
2.084
8.501
9.214
12.087
16.969
9.684
8.335
9.205
9.253
7.367
7.262
10.089
8.358
9.206
9.253
8.361
5.428
7.154
6.306
6.259
6.256
6.256
6.256
5.311
7.148
7.250
6.311
7.203
6.308
4.472
4.268
4.256
4.256
4.256
3.311
2.314
3.204
2.308
2.259
2.256
2.256
3.200
1.364
1.267
0.312
1.203
0.308
0.259
-0.688
-0.741
-0.744
1.145
-0.639
-0.738
-2.633
-0.849
-0.750
-0.745
-2.633
-0.849
-0.750
-4.522
-2.843
-3.694
-3.741
-3.744
-0.911
-2.642
-3.683
-3.741
-2.800
-2.750
-2.745
-2.744
-3.689
-2.797
-3.692
-2.797
-2.747
-2.744
-2.744
-3.689
-3.741
-3.744
-4.689
-2.949
-2.755
-3.689
-2.797
-3.692
-3.741
-4.688
-5.686
-5.741
-3.855
-3.750
-2.800
-3.692
-3.741
-3.744
-3.744
-2.800
-2.747
-4.633
-15.127
-2.488
-0.841
5.862
78.012
31.020
31.243
76.589
14.885
0.006
0.006
;
; amp track 27 (harmonic 13)
; peak time 1554 ms
;
f686	0	128	-2
0
8
23
6
5
16
6
14
11
5
16
16
89
277
181
124
231
291
351
381
377
372
373
339
319
334
328
314
293
307
314
300
289
296
294
277
269
294
282
292
285
298
284
283
270
275
282
318
319
311
298
321
323
355
344
368
351
330
339
343
343
367
384
389
393
401
390
405
450
436
429
465
490
491
481
515
518
534
537
538
528
540
520
538
532
528
564
552
540
537
510
495
517
504
492
481
489
500
485
479
462
488
495
480
498
482
484
468
474
462
414
444
402
392
383
404
428
314
71
29
9
3
1
1
1
1
1
0
;
; frq track 28 (harmonic 13)
; Freq. diffs.
; 
f687	0	128	-2
7.047
48.602
18.800
-2.689
-16.161
61.479
52.571
18.076
-44.285
-1.472
40.573
52.354
-13.103
4.983
1.461
-0.819
5.665
6.025
6.990
8.932
9.985
10.043
9.102
8.105
8.994
9.044
8.102
8.994
9.041
7.157
7.997
7.099
7.994
8.044
7.102
3.272
4.004
6.878
6.093
6.049
6.991
6.099
6.052
6.047
2.269
5.837
1.313
3.895
2.149
3.941
2.152
2.052
1.103
1.050
1.047
2.936
2.140
0.163
0.053
1.936
-0.793
-0.945
-0.009
0.043
0.046
0.047
-1.842
-2.892
-1.061
-1.904
-1.053
-1.903
-1.006
-2.845
-3.892
-2.061
-2.904
-2.951
-2.953
-2.953
-2.009
-1.956
-2.898
-2.006
-2.854
-3.892
-3.005
-2.956
-2.953
-2.953
-2.009
-2.901
-2.950
-2.953
-2.009
-3.845
-2.058
-1.959
-2.849
-2.003
-4.789
-3.055
-2.959
-3.898
-3.006
-3.901
-3.006
-2.956
-2.953
-2.009
-4.790
-4.000
-4.853
-4.003
-3.012
-1.068
0.929
7.651
41.080
13.660
16.858
7.592
-6.145
54.480
65.404
20.677
12.955
12.955
;
; amp track 29 (harmonic 14)
; peak time 1138 ms
;
f688	0	128	-2
0
10
16
7
4
20
12
21
7
14
15
15
124
253
385
365
290
153
145
206
205
205
240
243
246
265
264
266
288
307
300
320
318
342
325
348
358
355
354
339
364
358
363
378
383
384
399
395
399
393
413
412
404
401
393
398
408
420
408
406
406
417
405
425
399
389
410
416
400
367
371
370
383
375
363
352
353
324
323
314
334
339
335
344
335
315
309
310
305
308
321
338
343
355
341
330
322
311
309
333
323
312
311
302
292
295
298
305
303
305
313
319
330
327
312
239
173
151
57
17
7
1
1
1
1
1
1
0
;
; frq track 30 (harmonic 14)
; Freq. diffs.
; 
f689	0	128	-2
6.465
32.909
-36.455
-59.197
-43.461
-16.142
-23.124
-31.068
22.324
32.846
-42.125
32.099
-22.333
-6.468
9.577
11.360
10.515
18.023
14.663
10.698
12.367
11.515
9.579
10.416
11.407
9.573
9.471
9.465
9.465
8.521
8.468
6.576
7.416
7.462
7.465
6.521
7.413
8.406
7.517
6.523
7.413
6.518
7.365
5.571
4.527
3.524
3.468
4.410
2.573
3.416
2.518
3.412
2.518
1.524
1.468
2.410
1.564
0.526
0.469
1.410
-0.427
-1.473
-0.587
-0.538
-0.535
-0.535
-1.479
-2.476
-1.587
-1.538
-1.535
-1.535
-1.535
-1.535
-3.424
-2.584
-3.482
-3.532
-4.479
-2.643
-2.541
-1.591
-3.427
-2.584
-4.330
-4.523
-4.534
-3.590
-3.538
-2.591
-1.594
-4.372
-2.637
-2.541
-2.535
-3.479
-1.643
-2.485
-4.319
-2.634
-3.485
-2.588
-4.427
-3.584
-4.482
-4.532
-3.590
-4.482
-3.588
-2.594
-6.316
-3.689
-4.446
-4.530
-3.590
-2.594
-5.372
-11.193
-13.405
-13.528
0.632
-58.081
18.935
-0.398
-12.805
13.895
51.984
51.984
;
; source file ../data/Clarinet-Bb/ffG6.het
; via ../data/Clarinet-Bb/ffG6.asc
;
; number of harmonics (amp/frq track pairs):
; 15
;
; duration 1.925000 s
; avg. peak time 1008 ms
; avg. release time 1061 ms
; peak amp 13704 (track 3)
;
;
; amp track 1 (harmonic 0)
; peak time 1711 ms
;
f690	0	64	-2
0
31
66
2849
5054
5771
5431
5106
5229
5048
4817
4866
5000
5028
4772
5085
5536
5615
5585
5631
5478
5790
5901
5669
5698
5867
5765
5827
5936
5928
5855
6013
5866
5307
5288
5664
5629
5602
6021
5970
5795
5827
6283
6080
6120
6535
6454
6809
7676
7495
7428
7716
7657
7597
7352
7697
7912
7143
6228
7102
6880
5412
4307
0
;
; frq track 2 (harmonic 0)
; Freq. diffs.
; 
f691	0	64	-2
17.762
-286.238
-19.141
2.762
5.665
11.762
9.827
6.762
8.697
3.921
6.762
6.762
7.762
5.827
2.762
4.697
7.663
5.762
7.697
3.762
3.762
2.762
3.730
2.793
1.762
2.730
0.762
-0.206
-1.238
0.697
1.762
1.762
-3.077
-6.238
-4.303
-2.238
-2.238
-0.238
0.730
-0.207
-0.238
0.730
0.762
-3.109
-2.238
-2.238
-0.303
0.762
7.536
3.762
6.665
6.762
8.697
7.762
0.988
6.576
8.762
2.956
-3.238
2.568
3.762
-0.109
26.863
26.863
;
; amp track 3 (harmonic 1)
; peak time 1222 ms
;
f692	0	64	-2
0
27
28
8886
8379
7024
7176
7717
7422
7533
7914
8131
8053
7836
8444
8277
7685
7707
8104
8271
8656
8861
8582
9248
9484
9425
9648
9919
9763
9923
10345
10060
10168
11179
11808
11932
12600
13119
12985
13203
13704
13659
13131
13403
13676
13211
13017
12894
11327
11419
11611
11230
11099
11401
11815
11426
10728
11283
12141
10807
10366
9807
3351
0
;
; frq track 4 (harmonic 1)
; Freq. diffs.
; 
f693	0	64	-2
37.857
4.857
187.760
-11.143
13.051
23.857
19.019
13.857
17.728
14.950
8.857
5.954
11.857
9.922
4.857
7.760
14.628
14.857
10.019
9.857
9.857
7.857
10.760
6.983
4.857
5.825
2.857
1.889
3.857
-0.014
0.857
-0.111
0.826
-8.143
-9.111
-3.143
-4.111
-5.143
-1.272
-2.115
-7.143
-6.175
-0.143
-3.046
-6.143
-0.336
-1.117
2.857
14.470
9.857
11.793
10.857
15.696
9.857
7.922
13.666
13.857
8.051
-1.143
11.438
8.857
2.083
46.381
46.381
;
; amp track 5 (harmonic 2)
; peak time 978 ms
;
f694	0	64	-2
0
8
38
1623
1908
1701
1724
1858
1745
1692
1827
1991
2039
1990
2042
2108
2143
2201
2227
2396
2410
2496
2509
2584
2753
2714
2797
2836
2897
2989
3102
3074
3256
3225
3126
3004
2841
2685
2796
2776
2571
2755
2761
2738
2726
2774
2821
2835
2638
2441
2473
2355
2361
2357
2312
2386
2282
2244
2349
2328
1878
1604
397
0
;
; frq track 6 (harmonic 2)
; Freq. diffs.
; 
f695	0	64	-2
56.429
-382.571
166.138
-17.571
22.106
39.429
22.009
23.429
27.300
16.779
14.429
9.590
29.429
21.687
15.429
9.622
13.306
18.429
16.493
18.429
22.300
5.429
16.074
6.740
3.429
9.235
1.429
6.268
3.429
0.525
5.429
4.461
4.430
-8.571
-9.539
-6.571
-7.539
-10.571
-1.862
0.355
-13.571
-9.700
-4.571
3.170
-1.571
0.364
-1.509
1.429
24.654
25.429
21.558
6.429
19.977
22.429
2.106
11.128
14.429
19.268
3.429
16.009
23.429
4.074
70.224
70.224
;
; amp track 7 (harmonic 3)
; peak time 489 ms
;
f696	0	64	-2
0
4
18
119
368
416
335
307
398
322
338
379
417
448
427
449
543
495
464
426
522
386
493
477
504
470
438
442
524
513
472
388
422
241
284
318
374
306
358
266
274
294
383
362
323
338
366
505
346
462
377
369
523
446
348
414
386
273
367
429
351
279
81
0
;
; frq track 8 (harmonic 3)
; Freq. diffs.
; 
f697	0	64	-2
68.619
-957.381
-110.606
-163.381
35.006
54.619
5.264
40.619
77.394
-60.775
22.619
19.716
75.619
37.877
1.619
-22.574
6.645
65.619
47.232
16.619
-12.413
12.619
21.329
-11.293
12.619
52.296
-7.381
15.845
-2.381
-7.220
5.619
30.780
7.398
55.619
-30.510
-42.381
10.845
-21.381
-50.413
5.747
-21.381
-36.865
22.619
-48.026
60.619
14.167
8.798
20.619
-78.090
9.619
35.748
-48.381
58.071
34.619
31.716
29.687
33.619
-31.220
43.619
-33.800
47.619
64.071
190.408
190.408
;
; amp track 9 (harmonic 4)
; peak time 458 ms
;
f698	0	64	-2
0
7
22
364
251
351
358
365
339
426
434
394
320
355
386
491
363
333
237
401
303
253
369
426
392
283
323
471
318
330
360
342
281
425
251
348
258
313
328
253
335
304
197
304
226
319
351
325
306
216
345
371
277
283
347
307
443
319
331
257
337
447
112
0
;
; frq track 10 (harmonic 4)
; Freq. diffs.
; 
f699	0	64	-2
103.286
-22.714
-311.102
-25.714
-19.908
19.286
49.286
39.286
-24.585
7.225
53.286
4.898
70.286
45.125
30.286
34.157
47.830
-49.714
40.286
42.286
42.286
-55.714
-38.295
81.299
25.286
-49.230
-13.714
86.931
66.286
0.479
45.286
-46.650
-0.261
11.286
-146.456
-0.714
32.189
77.286
34.705
-16.023
-45.714
-42.811
-137.714
8.415
-119.714
73.834
31.690
68.286
79.898
-77.714
46.157
57.286
146.318
-23.714
88.544
-24.932
-38.714
53.221
6.286
14.995
43.286
51.027
82.245
82.245
;
; amp track 11 (harmonic 5)
; peak time 825 ms
;
f700	0	64	-2
0
5
30
35
170
145
73
40
105
69
180
70
163
118
220
161
179
194
125
112
95
148
126
159
185
130
141
307
93
182
188
236
190
185
230
198
191
244
138
200
210
226
142
245
187
119
194
177
207
129
229
182
140
179
164
116
129
81
108
123
97
122
32
0
;
; frq track 12 (harmonic 5)
; Freq. diffs.
; 
f701	0	64	-2
110.429
-195.571
275.719
-123.571
229.654
174.429
-37.507
49.429
63.945
138.930
246.429
85.783
-33.571
15.783
90.429
62.364
-118.541
43.429
47.300
-93.571
98.042
151.429
-24.700
111.876
-67.571
-60.797
-23.571
116.751
-74.571
28.978
46.429
24.171
-75.257
30.429
-16.990
-13.571
-16.475
0.429
-18.926
-63.099
-52.571
-3.217
121.429
-140.829
41.429
-194.700
7.683
150.429
-75.055
-84.571
-21.668
17.429
-121.926
2.429
-6.281
-302.691
-0.571
213.300
31.429
109.815
134.429
151.848
-118.558
-118.558
;
; amp track 13 (harmonic 6)
; peak time 1314 ms
;
f702	0	64	-2
0
6
29
129
193
228
221
260
197
189
164
234
269
334
292
210
190
204
236
243
202
186
197
123
147
170
187
243
105
264
224
269
299
252
364
296
231
218
223
327
205
189
272
380
202
337
315
310
245
194
145
143
136
72
118
276
189
142
245
206
225
173
47
0
;
; frq track 14 (harmonic 6)
; Freq. diffs.
; 
f703	0	64	-2
125.238
-79.762
675.077
4.238
58.432
40.238
24.755
78.238
25.013
57.166
83.238
-2.891
59.238
76.657
49.238
12.464
39.343
120.238
59.271
22.238
2.884
-22.762
-67.278
80.318
-52.762
115.625
9.238
46.980
-129.762
-8.794
-36.762
-13.536
-10.852
27.238
21.432
-32.762
-18.245
38.238
49.852
40.549
-68.762
14.464
36.238
13.013
20.238
-106.536
-83.528
-3.762
148.174
60.238
-11.375
42.238
106.109
48.238
5.657
91.381
-28.762
-81.020
12.238
-0.343
-24.762
159.109
142.782
142.782
;
; amp track 15 (harmonic 7)
; peak time 1406 ms
;
f704	0	64	-2
0
10
31
52
114
68
53
135
45
117
49
148
90
84
119
164
89
279
166
211
183
295
387
309
228
226
143
310
205
318
316
266
275
328
252
350
317
296
368
391
356
317
367
383
283
341
418
320
371
289
207
239
185
215
244
193
166
213
159
126
114
74
59
0
;
; frq track 16 (harmonic 7)
; Freq. diffs.
; 
f705	0	64	-2
148.143
806.143
-119.019
516.143
-124.503
232.143
0.853
135.143
88.691
165.580
895.143
36.756
552.143
22.788
295.143
399.659
221.095
-21.857
158.143
220.143
-22.761
162.143
94.400
-16.172
-47.857
17.949
-110.857
-36.341
-53.857
-39.341
5.143
-7.438
21.188
3.143
-30.729
1.143
55.336
6.143
-43.212
12.292
-4.857
10.626
-0.857
-70.535
-14.857
-28.406
30.189
-92.857
24.239
78.143
55.885
80.143
110.143
127.143
-22.857
131.014
-40.857
14.304
131.143
148.562
-66.857
-137.503
231.831
231.831
;
; amp track 17 (harmonic 8)
; peak time 1528 ms
;
f706	0	64	-2
0
9
24
141
145
89
175
172
115
128
150
165
85
204
192
85
132
72
153
119
86
172
90
91
123
168
130
73
130
154
179
224
149
155
214
157
103
222
238
247
207
188
216
234
239
133
334
204
177
282
387
315
274
194
260
262
196
142
195
112
179
139
44
0
;
; frq track 18 (harmonic 8)
; Freq. diffs.
; 
f707	0	64	-2
92.810
270.810
-549.836
-101.190
-69.255
357.810
43.294
-84.190
50.326
-92.432
-15.190
-90.674
209.810
-74.706
-43.190
-288.997
14.687
-213.190
-274.158
247.810
143.293
252.810
245.067
-487.763
-354.190
150.971
-42.190
-118.642
-1.190
-109.577
-28.190
-92.062
93.620
15.810
335.164
36.810
-13.513
226.810
17.777
-144.772
-110.190
132.713
2.810
-23.319
-162.190
-91.545
42.347
-21.190
-30.868
5.810
-62.900
-30.190
-73.739
-120.190
41.423
101.797
-9.190
-53.707
-75.190
79.648
-135.190
-134.223
113.551
113.551
;
; amp track 19 (harmonic 9)
; peak time 1161 ms
;
f708	0	64	-2
0
10
44
23
66
54
64
58
40
141
82
154
102
126
127
82
168
199
174
300
165
197
242
292
241
211
84
255
165
86
121
146
252
131
201
279
265
297
404
242
285
209
159
272
240
193
248
257
256
239
251
280
317
268
256
260
268
273
173
288
259
155
32
0
;
; frq track 20 (harmonic 9)
; Freq. diffs.
; 
f709	0	64	-2
182.238
642.238
155.464
-271.762
281.787
79.238
167.303
180.238
-311.375
46.315
90.238
193.787
-31.762
159.852
-89.762
100.884
-10.063
252.238
136.109
90.238
-76.213
-92.762
56.271
53.336
-147.762
-43.245
38.238
63.399
23.238
-169.343
118.238
97.916
67.260
-180.762
45.689
44.238
-8.020
63.238
21.625
-4.878
9.238
-57.536
-15.762
-54.472
-61.762
-16.278
-2.230
-25.762
138.755
-14.762
25.884
60.238
80.561
79.238
51.174
69.623
84.238
-5.762
-24.762
54.593
68.238
13.077
553.233
553.233
;
; amp track 21 (harmonic 10)
; peak time 1161 ms
;
f710	0	64	-2
0
6
39
28
90
35
80
64
62
75
33
78
29
70
108
79
148
186
209
138
185
176
166
181
194
228
93
249
236
147
292
225
245
289
233
302
247
269
362
143
187
182
171
261
220
306
281
311
196
133
213
144
99
100
216
164
69
144
191
173
102
64
25
0
;
; frq track 22 (harmonic 10)
; Freq. diffs.
; 
f711	0	64	-2
231.143
17.143
5.529
115.143
234.176
-81.857
173.627
546.143
-176.760
166.693
6.143
127.109
304.143
-88.760
308.143
0.400
-2.752
120.143
186.916
-57.857
134.723
139.143
191.400
68.248
9.143
-38.277
-34.857
38.691
74.143
-63.277
-21.857
121.369
65.988
-64.857
-147.115
10.143
6.271
-99.857
13.369
-234.592
11.143
-32.406
55.143
-16.471
18.143
69.434
30.441
36.143
299.369
120.143
55.305
152.143
-96.566
-76.857
-55.566
-61.654
192.143
34.400
68.143
108.787
34.143
-218.438
249.543
249.543
;
; amp track 23 (harmonic 11)
; peak time 641 ms
;
f712	0	64	-2
0
9
14
65
119
178
181
129
123
145
150
173
237
235
260
305
283
310
353
379
330
454
345
241
379
355
402
361
361
349
342
391
330
270
274
162
309
202
347
335
272
295
247
322
292
138
289
362
266
245
279
161
215
254
255
160
188
263
216
261
169
68
47
0
;
; frq track 24 (harmonic 11)
; Freq. diffs.
; 
f713	0	64	-2
225.000
118.000
-194.580
-261.000
19.645
167.000
93.451
69.000
106.742
-37.201
143.000
83.967
41.000
91.322
-40.000
83.871
30.770
75.000
15.967
71.000
73.902
47.000
1.516
-26.080
-5.000
25.000
2.000
1.033
41.000
47.773
-69.000
24.871
-8.875
-45.000
-27.580
-39.000
-31.258
26.000
-13.678
-44.957
68.000
28.322
-48.000
-105.098
-22.000
-159.420
60.664
35.000
109.516
89.000
89.000
23.000
83.000
71.000
39.064
39.002
28.000
12.516
-45.000
63.387
29.000
88.033
418.002
418.002
;
; amp track 25 (harmonic 12)
; peak time 519 ms
;
f714	0	64	-2
0
3
40
65
118
84
71
50
91
58
95
47
98
76
90
42
38
153
47
108
72
66
72
30
39
40
120
95
71
109
88
79
97
57
75
61
56
73
54
33
127
72
49
75
102
103
106
107
58
33
81
48
70
40
44
45
39
43
67
62
55
67
33
0
;
; frq track 26 (harmonic 12)
; Freq. diffs.
; 
f715	0	64	-2
180.523
-93.477
647.814
130.523
168.266
21.523
-82.992
-27.477
265.750
125.209
22.523
123.168
12.523
-94.896
34.523
431.297
-233.322
165.523
48.426
-79.477
560.201
216.523
144.910
-237.723
-200.477
-302.090
-36.477
-183.574
241.523
-80.734
-184.477
279.072
87.896
831.523
-307.508
240.523
-199.799
349.523
-224.348
-354.150
98.523
-71.799
267.523
29.459
76.523
259.426
116.295
-40.477
-176.928
759.523
122.750
-199.477
628.910
387.523
18.814
-335.660
-408.477
-302.025
348.523
-19.219
-220.477
-145.961
-34.201
-34.201
;
; amp track 27 (harmonic 13)
; peak time 1192 ms
;
f716	0	64	-2
0
8
22
65
78
39
60
31
35
22
77
92
86
53
35
101
56
73
91
25
63
86
89
59
41
23
34
91
72
76
28
55
23
108
91
40
99
58
73
161
83
104
50
50
118
102
112
74
45
39
108
37
25
83
14
64
50
47
60
17
59
19
20
0
;
; frq track 28 (harmonic 13)
; Freq. diffs.
; 
f717	0	64	-2
304.381
76.381
338.639
111.381
26.219
242.381
-47.941
-124.619
181.188
-108.947
122.381
275.283
311.381
52.994
-116.619
-125.328
6.971
217.381
321.896
527.381
373.510
192.381
-106.652
-82.426
-80.619
122.607
313.381
303.703
35.381
-83.652
-591.619
-101.941
60.951
170.381
273.930
-122.619
-87.781
-355.619
-153.361
225.744
147.381
-110.039
12.381
-321.490
231.381
-120.877
330.340
-64.619
-121.717
-521.619
297.090
-333.619
81.543
87.381
64.154
-79.820
393.381
-22.748
21.381
186.865
19.381
-53.199
-449.412
-449.412
;
; amp track 29 (harmonic 14)
; peak time 519 ms
;
f718	0	64	-2
0
3
48
61
115
73
62
43
93
55
83
45
88
62
81
47
39
144
45
92
83
64
66
35
40
40
103
80
75
102
75
76
91
73
73
62
66
81
44
32
118
61
52
67
92
104
117
92
47
39
72
47
85
49
40
38
32
36
71
61
45
56
28
0
;
; frq track 30 (harmonic 14)
; Freq. diffs.
; 
f719	0	64	-2
-155.334
-253.334
-471.076
61.666
16.182
207.666
357.666
272.666
-94.107
90.512
203.666
43.021
207.666
307.344
151.666
-862.527
-615.566
43.666
176.246
293.666
-362.463
0.666
102.279
-564.121
-686.334
560.117
253.666
394.957
-308.334
224.893
424.666
-139.527
94.854
-584.334
-534.979
-26.334
-717.301
-123.334
453.439
814.627
84.666
226.924
-84.334
227.279
111.666
-82.850
-420.092
225.666
447.279
-620.334
50.311
-471.334
-436.496
-457.334
167.828
-532.975
-380.334
358.053
-170.334
274.828
332.666
360.730
238.732
238.732
;
