; source file ../data/Cello.arco.sulC/ppC2.het
; via ../data/Cello.arco.sulC/ppC2.asc
;
; number of harmonics (amp/frq track pairs):
; 15
;
; duration 5.780000 s
; avg. peak time 1677 ms
; avg. release time 1988 ms
; peak amp 4171 (track 25)
;
;
; amp track 1 (harmonic 0)
; peak time 1678 ms
;
f840	0	32	-2
0
42
99
98
167
269
411
405
507
567
504
341
214
153
106
92
78
54
54
50
60
48
42
33
25
34
23
23
22
11
0
;
; frq track 2 (harmonic 0)
; Freq. diffs.
; 
f841	0	32	-2
-0.909
-1.877
-0.940
1.015
1.088
0.128
0.092
0.091
0.091
0.091
0.091
0.091
-0.872
-0.908
0.054
0.090
0.091
0.091
2.016
1.121
-1.796
0.998
2.056
1.127
0.124
-0.870
2.963
0.198
4.933
8.935
2.312
;
; amp track 3 (harmonic 1)
; peak time 1678 ms
;
f842	0	32	-2
0
137
411
696
1094
1723
2491
2571
3039
3267
3225
2372
1709
1377
1134
934
782
656
546
461
387
315
257
218
184
155
130
109
89
69
0
;
; frq track 4 (harmonic 1)
; Freq. diffs.
; 
f843	0	32	-2
-0.182
-0.182
-0.182
-0.182
-0.182
-0.182
-0.182
-0.182
-0.182
0.781
0.817
0.818
-0.144
-0.181
-0.182
-0.182
-0.182
-0.182
-0.182
-0.182
-0.182
-0.182
-0.182
-0.182
-1.150
-0.218
-0.183
-0.182
-0.182
-0.182
-0.182
;
; amp track 5 (harmonic 2)
; peak time 1491 ms
;
f844	0	32	-2
0
1107
1438
1550
2080
2348
2406
2428
3638
3591
3227
1710
714
557
364
241
153
103
67
40
32
22
17
15
10
5
11
7
5
2
0
;
; frq track 6 (harmonic 2)
; Freq. diffs.
; 
f845	0	32	-2
-1.182
-0.214
-0.183
0.781
-0.151
-1.143
-0.213
-0.183
-0.182
0.781
-0.151
0.787
-1.108
-0.212
-0.183
-0.182
-0.182
-0.182
-0.182
0.786
0.817
-4.021
0.662
-2.075
0.725
5.628
0.973
-0.139
-0.180
-21.358
25.264
;
; amp track 7 (harmonic 3)
; peak time 1678 ms
;
f846	0	32	-2
0
287
610
654
854
1162
2250
2508
2985
3365
3243
2457
1607
1108
751
480
305
205
141
113
90
64
49
35
19
19
12
16
11
9
0
;
; frq track 8 (harmonic 3)
; Freq. diffs.
; 
f847	0	32	-2
-0.545
-0.545
0.422
1.416
0.486
0.456
0.455
0.455
0.455
0.455
0.455
0.455
0.455
-0.513
0.418
-0.514
-0.544
0.422
-0.509
-0.544
0.417
0.453
-0.513
-0.544
-1.513
-0.582
3.324
0.562
1.426
2.416
0.518
;
; amp track 9 (harmonic 4)
; peak time 1678 ms
;
f848	0	32	-2
0
75
229
681
1161
1945
2202
2356
2898
3348
3195
2441
1311
566
270
143
57
38
19
18
13
5
8
7
2
2
4
3
2
3
0
;
; frq track 10 (harmonic 4)
; Freq. diffs.
; 
f849	0	32	-2
-2.545
6.164
3.542
-0.392
-1.508
-1.544
-1.545
-1.545
-0.578
-0.547
-0.545
-0.545
-0.545
-0.545
0.417
-0.514
0.418
0.453
1.417
-0.482
0.419
-4.385
0.298
-0.514
-13.125
-32.781
-0.618
11.003
-15.657
-16.512
-0.093
;
; amp track 11 (harmonic 5)
; peak time 1491 ms
;
f850	0	32	-2
0
180
384
837
746
669
703
1005
1462
1388
1100
1061
557
313
225
153
99
65
50
34
22
19
13
10
6
4
3
2
5
2
0
;
; frq track 12 (harmonic 5)
; Freq. diffs.
; 
f851	0	32	-2
-3.091
-2.123
-4.027
1.687
-3.905
-5.047
-1.219
-2.058
-0.154
-1.056
-1.090
0.845
-1.018
-0.121
-0.092
-0.091
0.872
-0.060
-0.090
-0.091
0.872
-0.060
-1.058
-1.090
2.780
0.017
-0.087
-10.679
-10.110
5.309
-4.755
;
; amp track 13 (harmonic 6)
; peak time 1678 ms
;
f852	0	32	-2
0
108
132
218
154
188
359
454
621
836
724
634
250
83
40
17
11
5
3
4
2
3
2
2
2
3
2
3
2
2
0
;
; frq track 14 (harmonic 6)
; Freq. diffs.
; 
f853	0	32	-2
-1.182
9.463
1.097
-0.134
4.658
-26.953
-2.013
0.712
0.815
0.818
-0.150
0.787
1.780
1.817
1.818
1.818
-0.107
4.659
-4.813
-1.299
-5.999
-9.079
-0.469
23.872
29.626
-7.729
35.381
15.588
-3.544
32.420
1.838
;
; amp track 15 (harmonic 7)
; peak time 1678 ms
;
f854	0	32	-2
0
112
245
368
300
451
1001
1098
1186
1339
1310
808
441
197
59
20
4
2
6
2
3
1
2
2
3
2
5
5
6
3
0
;
; frq track 16 (harmonic 7)
; Freq. diffs.
; 
f855	0	32	-2
-8.091
-16.801
-8.372
-0.401
-5.907
-7.047
-7.089
-6.128
-5.124
-5.092
-6.059
-5.122
-6.055
-4.154
-3.131
-4.060
-2.165
10.487
-4.508
9.444
14.705
-4.452
8.478
-7.471
-28.393
-16.551
-28.686
-13.675
-14.077
-28.529
-28.105
;
; amp track 17 (harmonic 8)
; peak time 1678 ms
;
f856	0	32	-2
0
237
204
185
300
388
836
829
1114
1404
1284
806
315
128
38
11
4
2
1
2
2
1
2
2
1
1
1
2
2
2
0
;
; frq track 18 (harmonic 8)
; Freq. diffs.
; 
f857	0	32	-2
2.636
2.636
7.475
7.630
6.668
4.712
4.639
5.599
5.635
5.636
5.636
5.636
4.674
6.573
7.597
8.603
5.747
15.317
-19.028
-7.740
-31.442
-13.947
9.843
14.457
28.179
-6.033
-18.934
9.529
-9.722
13.725
19.446
;
; amp track 19 (harmonic 9)
; peak time 1678 ms
;
f858	0	32	-2
0
232
455
432
361
803
1019
1584
1878
2488
2339
1729
634
39
10
4
3
2
1
1
3
1
2
1
1
2
2
4
2
2
0
;
; frq track 20 (harmonic 9)
; Freq. diffs.
; 
f859	0	32	-2
-5.818
-2.915
-2.821
-1.856
-1.819
-2.781
-3.785
-2.854
-2.819
-2.818
-2.818
-1.850
-2.782
-6.688
-2.000
-5.695
-7.739
0.894
4.059
23.533
1.056
0.210
-8.527
16.219
1.667
-9.388
-25.288
0.191
-12.398
0.673
-7.544
;
; amp track 21 (harmonic 10)
; peak time 1678 ms
;
f860	0	32	-2
0
97
224
261
658
843
1154
1802
2277
3008
2767
1862
535
79
7
2
2
2
1
1
1
2
1
1
2
1
1
2
2
1
0
;
; frq track 22 (harmonic 10)
; Freq. diffs.
; 
f861	0	32	-2
-3.182
-0.279
1.751
5.666
0.975
0.824
-0.149
0.782
0.817
0.818
0.818
0.818
-0.144
2.723
8.590
1.069
-8.798
-6.266
-2.335
-24.445
26.824
2.625
-27.188
-28.145
-22.374
-9.676
13.060
-18.937
-5.626
11.165
-42.396
;
; amp track 23 (harmonic 11)
; peak time 1678 ms
;
f862	0	32	-2
0
230
276
683
755
579
716
1225
1586
2150
1930
1418
378
49
6
1
1
2
1
2
1
1
2
2
1
1
1
1
2
2
0
;
; frq track 24 (harmonic 11)
; Freq. diffs.
; 
f863	0	32	-2
-2.182
-1.214
2.688
1.851
2.787
0.892
0.821
0.818
1.786
1.817
1.818
2.786
1.854
7.626
5.886
-2.889
1.642
15.361
-12.113
8.143
-28.747
29.864
-11.793
-14.092
-28.695
10.302
22.414
1.627
-6.898
2.454
-4.935
;
; amp track 25 (harmonic 12)
; peak time 1678 ms
;
f864	0	32	-2
0
389
743
919
400
1699
763
2013
2810
4120
3773
2627
630
45
5
2
2
1
1
2
2
1
3
1
1
1
1
2
1
2
0
;
; frq track 26 (harmonic 12)
; Freq. diffs.
; 
f865	0	32	-2
-1.091
-1.091
2.780
3.867
4.875
2.983
0.008
2.801
3.873
3.908
3.909
3.909
2.947
9.685
6.050
2.043
-1.936
2.753
-25.974
-0.926
-2.047
-22.412
1.125
19.206
3.435
-1.884
-21.439
-16.291
-23.839
0.945
-7.799
;
; amp track 27 (harmonic 13)
; peak time 1864 ms
;
f866	0	32	-2
0
111
98
286
368
154
293
264
408
671
694
406
146
14
2
1
1
1
1
1
2
1
1
1
1
1
1
1
1
1
0
;
; frq track 28 (harmonic 13)
; Freq. diffs.
; 
f867	0	32	-2
-10.727
-16.534
-8.011
2.850
8.098
-5.210
-1.840
-8.469
-3.880
-5.658
-4.757
-0.857
-2.657
0.178
4.119
6.203
18.783
-4.937
-5.698
2.983
-13.102
-39.836
-24.247
6.093
5.299
-28.416
19.670
-13.440
-12.750
-13.691
-26.307
;
; amp track 29 (harmonic 14)
; peak time 1864 ms
;
f868	0	32	-2
0
112
169
302
242
410
362
542
762
1016
1189
839
249
11
2
2
1
3
1
1
1
2
2
2
1
1
1
1
3
1
0
;
; frq track 30 (harmonic 14)
; Freq. diffs.
; 
f869	0	32	-2
-2.091
-1.123
4.715
2.977
0.976
1.874
1.908
1.909
3.845
3.907
3.909
2.941
2.910
1.941
-5.790
3.596
23.149
-4.180
1.681
-1.969
-27.113
-1.930
-6.924
-0.347
3.772
9.679
-15.260
17.630
-5.326
-4.137
1.714
;
; source file ../data/Cello.arco.sulC/ppD5.het
; via ../data/Cello.arco.sulC/ppD5.asc
;
; number of harmonics (amp/frq track pairs):
; 15
;
; duration 2.070000 s
; avg. peak time 874 ms
; avg. release time 1076 ms
; peak amp 10622 (track 7)
;
;
; amp track 1 (harmonic 0)
; peak time 828 ms
;
f870	0	16	-2
0
155
96
232
206
294
302
278
267
255
241
228
216
214
43
0
;
; frq track 2 (harmonic 0)
; Freq. diffs.
; 
f871	0	16	-2
-127.667
-89.341
6.637
-103.016
-5.472
-0.980
-4.426
4.697
1.553
0.413
-1.531
-7.267
-10.445
-40.565
-36.921
-36.921
;
; amp track 3 (harmonic 1)
; peak time 828 ms
;
f872	0	16	-2
0
931
2281
3764
6561
8744
9694
9456
9309
8174
7807
6770
5909
4026
1082
0
;
; frq track 4 (harmonic 1)
; Freq. diffs.
; 
f873	0	16	-2
21.333
1.703
0.423
0.339
0.334
0.333
0.333
0.333
0.333
-0.601
-0.662
-0.666
-0.667
-1.601
-0.728
-0.728
;
; amp track 5 (harmonic 2)
; peak time 690 ms
;
f874	0	16	-2
0
81
362
750
1218
1537
1358
1009
1000
922
717
622
500
165
45
0
;
; frq track 6 (harmonic 2)
; Freq. diffs.
; 
f875	0	16	-2
-105.667
-22.471
0.716
-0.577
0.274
0.329
1.268
-0.541
-1.593
-0.727
1.199
-1.480
0.215
-3.414
-15.802
-15.802
;
; amp track 7 (harmonic 3)
; peak time 690 ms
;
f876	0	16	-2
0
351
2510
4660
7803
10438
9122
6299
5790
5409
4563
3480
3103
738
229
0
;
; frq track 8 (harmonic 3)
; Freq. diffs.
; 
f877	0	16	-2
41.000
-0.130
0.926
0.060
0.004
0.935
0.061
0.004
-0.935
-0.996
0.870
-1.813
0.817
-7.425
-0.484
-0.484
;
; amp track 9 (harmonic 4)
; peak time 1104 ms
;
f878	0	16	-2
0
133
294
416
724
1355
1864
2252
2439
2243
2147
2100
1832
932
101
0
;
; frq track 10 (harmonic 4)
; Freq. diffs.
; 
f879	0	16	-2
-83.333
-27.246
-90.893
-197.870
-9.477
0.940
-0.250
-1.263
-0.394
0.598
-0.273
-0.329
1.536
-0.211
13.696
13.696
;
; amp track 11 (harmonic 5)
; peak time 1104 ms
;
f880	0	16	-2
0
179
397
442
1138
2405
3256
3503
4157
3767
3753
3465
3136
1456
190
0
;
; frq track 12 (harmonic 5)
; Freq. diffs.
; 
f881	0	16	-2
63.833
13.355
-1.154
-1.166
-3.971
1.455
0.874
-2.903
0.590
-1.052
0.710
-0.109
-0.163
-2.036
8.124
8.124
;
; amp track 13 (harmonic 6)
; peak time 690 ms
;
f882	0	16	-2
0
98
499
770
1032
1505
1388
984
1043
758
675
628
537
243
32
0
;
; frq track 14 (harmonic 6)
; Freq. diffs.
; 
f883	0	16	-2
-62.333
-53.920
-1.959
2.365
1.712
2.604
0.793
-0.260
-0.329
-2.203
-0.455
1.528
1.658
-3.943
-59.460
-59.460
;
; amp track 15 (harmonic 7)
; peak time 690 ms
;
f884	0	16	-2
0
105
298
501
592
942
822
527
578
336
340
442
362
105
41
0
;
; frq track 16 (harmonic 7)
; Freq. diffs.
; 
f885	0	16	-2
83.000
11.022
-0.216
0.921
-2.744
-1.114
1.797
-5.491
-2.228
-6.689
12.651
12.042
9.198
-16.226
94.290
94.290
;
; amp track 17 (harmonic 8)
; peak time 1242 ms
;
f886	0	16	-2
0
49
188
166
168
448
827
895
986
1002
896
980
745
160
37
0
;
; frq track 18 (harmonic 8)
; Freq. diffs.
; 
f887	0	16	-2
-42.833
-58.725
-4.609
-6.688
13.741
3.856
1.342
1.178
0.233
-4.503
-1.073
-3.653
-3.822
-62.724
-35.718
-35.718
;
; amp track 19 (harmonic 9)
; peak time 828 ms
;
f888	0	16	-2
0
26
43
100
84
110
162
155
150
143
148
157
90
50
17
0
;
; frq track 20 (harmonic 9)
; Freq. diffs.
; 
f889	0	16	-2
107.333
133.507
2.475
45.343
50.943
9.243
5.588
1.611
-4.257
0.969
-8.973
5.335
-7.753
39.067
61.751
61.751
;
; amp track 21 (harmonic 10)
; peak time 690 ms
;
f890	0	16	-2
0
120
303
418
738
1868
1211
1414
224
245
406
122
166
276
35
0
;
; frq track 22 (harmonic 10)
; Freq. diffs.
; 
f891	0	16	-2
-36.667
-17.971
-5.534
-17.810
-16.741
-6.389
-9.453
-4.979
16.813
-21.027
22.310
-80.494
15.627
20.961
45.613
45.613
;
; amp track 23 (harmonic 11)
; peak time 966 ms
;
f892	0	16	-2
0
65
123
200
241
269
341
430
184
218
275
223
144
218
67
0
;
; frq track 24 (harmonic 11)
; Freq. diffs.
; 
f893	0	16	-2
14.000
-33.674
-29.305
-49.585
36.962
6.150
58.358
13.154
-18.773
11.863
-63.726
-31.265
-6.713
-30.351
-29.088
-29.088
;
; amp track 25 (harmonic 12)
; peak time 828 ms
;
f894	0	16	-2
0
89
130
335
366
630
1105
1093
1006
847
925
812
642
378
50
0
;
; frq track 26 (harmonic 12)
; Freq. diffs.
; 
f895	0	16	-2
-2.167
1.573
-6.597
2.218
-6.555
4.091
0.111
2.656
0.017
-6.698
-0.593
-2.999
-10.634
-17.675
36.083
36.083
;
; amp track 27 (harmonic 13)
; peak time 828 ms
;
f896	0	16	-2
0
150
68
184
281
246
329
241
197
111
166
171
226
93
17
0
;
; frq track 28 (harmonic 13)
; Freq. diffs.
; 
f897	0	16	-2
-0.833
-16.725
48.609
-43.413
-53.154
44.363
-33.407
-40.349
-19.302
76.484
-29.443
13.192
-26.092
-25.850
-33.313
-33.313
;
; amp track 29 (harmonic 14)
; peak time 1104 ms
;
f898	0	16	-2
0
79
315
530
1037
1121
929
668
1098
976
981
837
959
327
41
0
;
; frq track 30 (harmonic 14)
; Freq. diffs.
; 
f899	0	16	-2
19.667
26.210
0.463
6.262
0.097
2.499
-1.083
4.292
3.708
-8.483
-0.865
-7.846
-5.497
-8.148
16.918
16.918
;
; source file ../data/Cello.arco.sulC/ffC2.het
; via ../data/Cello.arco.sulC/ffC2.asc
;
; number of harmonics (amp/frq track pairs):
; 15
;
; duration 6.075000 s
; avg. peak time 717 ms
; avg. release time 1070 ms
; peak amp 7417 (track 5)
;
;
; amp track 1 (harmonic 0)
; peak time 391 ms
;
f900	0	32	-2
0
570
804
781
794
677
646
704
679
539
319
168
158
147
126
85
67
59
49
39
26
23
15
13
10
6
4
4
3
4
5
0
;
; frq track 2 (harmonic 0)
; Freq. diffs.
; 
f901	0	32	-2
-0.727
-0.727
0.237
0.271
0.273
0.273
0.273
0.273
0.273
0.273
0.273
-0.692
-0.726
0.237
0.271
0.273
0.273
1.237
-0.657
-0.725
0.237
0.271
0.273
-0.692
-2.655
-17.189
-11.922
0.801
-25.744
0.308
2.203
2.203
;
; amp track 3 (harmonic 1)
; peak time 783 ms
;
f902	0	32	-2
0
1817
2181
2317
2434
2140
2119
2343
2208
2282
1955
1665
1409
1225
1087
961
834
717
626
557
502
452
400
352
307
269
243
221
198
158
117
0
;
; frq track 4 (harmonic 1)
; Freq. diffs.
; 
f903	0	32	-2
0.000
0.969
0.999
1.000
1.000
1.000
1.000
1.000
1.000
0.036
0.001
0.000
0.000
0.000
0.000
0.000
0.000
0.000
0.000
0.000
0.000
0.000
0.000
0.000
0.000
0.000
0.000
0.000
0.000
0.000
0.000
0.000
;
; amp track 5 (harmonic 2)
; peak time 391 ms
;
f904	0	32	-2
0
5297
7341
6873
7022
6547
5815
6113
5838
2168
1415
1130
928
780
637
542
453
379
320
273
234
195
158
130
106
76
49
31
27
20
12
0
;
; frq track 6 (harmonic 2)
; Freq. diffs.
; 
f905	0	32	-2
-1.000
0.938
1.962
1.034
1.001
1.000
1.000
1.000
1.000
0.036
0.001
0.000
0.000
0.000
0.000
0.000
0.000
0.000
0.000
0.000
0.000
0.000
0.000
0.000
0.000
0.000
0.000
2.893
0.103
0.004
-0.964
-0.964
;
; amp track 7 (harmonic 3)
; peak time 1371 ms
;
f906	0	32	-2
0
1291
1145
1256
1439
1379
1422
1566
1486
1526
1105
840
505
336
251
209
156
94
51
20
10
12
12
14
9
4
5
4
2
2
2
0
;
; frq track 8 (harmonic 3)
; Freq. diffs.
; 
f907	0	32	-2
-0.545
3.331
1.522
1.457
1.455
1.455
0.490
1.420
1.453
0.490
0.456
0.455
0.455
0.455
-0.510
-0.544
-0.545
-0.545
-0.545
1.383
-0.477
-0.543
0.419
1.418
0.489
-1.473
-1.543
0.383
-2.441
3.244
7.304
7.304
;
; amp track 9 (harmonic 4)
; peak time 1371 ms
;
f908	0	32	-2
0
1757
2106
2213
2291
2042
2148
2324
2089
1236
473
282
114
43
56
16
15
17
15
6
12
7
4
4
4
2
1
3
1
1
0
0
;
; frq track 10 (harmonic 4)
; Freq. diffs.
; 
f909	0	32	-2
-1.909
2.937
1.157
2.058
1.125
1.092
1.091
1.091
1.091
1.091
0.127
0.092
-0.873
-0.908
0.055
1.054
-0.839
-1.871
0.021
3.946
-0.736
2.954
0.193
-4.727
-11.653
1.600
-8.534
-1.181
-18.276
-20.815
-4.513
-4.513
;
; amp track 11 (harmonic 5)
; peak time 391 ms
;
f910	0	32	-2
0
2120
2765
2717
2684
2437
2288
2511
2281
520
345
74
120
117
39
38
31
10
16
10
8
3
6
2
2
2
1
2
1
1
0
0
;
; frq track 12 (harmonic 5)
; Freq. diffs.
; 
f911	0	32	-2
-3.273
0.604
1.687
0.762
0.728
0.727
0.727
0.727
0.727
-2.166
-0.340
1.653
-0.204
-0.270
0.692
-0.238
-0.272
-0.273
-0.273
0.692
-1.203
-0.306
-1.238
1.621
-1.169
-4.162
-1.376
-22.491
0.862
24.839
-10.947
-10.947
;
; amp track 13 (harmonic 6)
; peak time 391 ms
;
f912	0	32	-2
0
418
577
510
481
362
368
408
409
205
95
40
35
12
8
5
3
2
2
1
1
4
2
1
2
1
1
1
1
1
1
0
;
; frq track 14 (harmonic 6)
; Freq. diffs.
; 
f913	0	32	-2
-1.727
3.119
3.267
2.308
3.238
3.272
3.273
2.308
2.274
1.309
1.274
1.273
0.308
3.167
0.376
-4.545
-8.578
-8.722
8.630
4.428
2.350
20.597
-5.751
1.986
7.084
-10.091
6.653
-27.464
-8.432
-14.502
-3.148
-3.148
;
; amp track 15 (harmonic 7)
; peak time 1567 ms
;
f914	0	32	-2
0
808
877
1081
1092
1088
1115
1119
1184
582
71
33
29
7
7
9
5
3
3
1
1
3
1
1
1
1
1
3
1
1
1
0
;
; frq track 16 (harmonic 7)
; Freq. diffs.
; 
f915	0	32	-2
-3.091
0.786
2.833
2.906
0.980
1.876
1.908
1.909
1.909
0.945
2.839
-2.879
-0.190
-2.023
-0.160
0.871
-0.057
-0.090
3.766
1.011
-2.944
-12.729
-0.542
-3.964
-35.908
-6.191
9.334
4.103
-18.263
-4.597
-25.323
-25.323
;
; amp track 17 (harmonic 8)
; peak time 783 ms
;
f916	0	32	-2
0
1569
2030
1955
2091
1963
1876
1784
1909
1060
309
25
42
4
8
5
3
2
2
1
0
1
1
1
1
1
1
1
0
1
1
0
;
; frq track 18 (harmonic 8)
; Freq. diffs.
; 
f917	0	32	-2
-2.273
3.543
3.721
3.727
2.763
2.729
2.727
2.727
2.727
1.763
1.729
10.406
1.073
2.668
2.725
1.763
0.764
-1.200
-0.306
-2.202
-16.734
2.032
11.381
-10.464
2.256
-9.825
-21.828
-22.257
-1.058
0.664
11.332
11.332
;
; amp track 19 (harmonic 9)
; peak time 391 ms
;
f918	0	32	-2
0
1436
2692
2433
2366
1805
1768
1667
1817
692
242
120
59
33
16
10
8
3
2
1
2
3
2
1
0
1
1
1
1
0
1
0
;
; frq track 20 (harmonic 9)
; Freq. diffs.
; 
f919	0	32	-2
-3.545
3.239
3.447
3.454
2.490
2.456
2.455
2.455
2.455
2.455
1.490
1.456
2.419
2.453
2.454
2.455
-0.438
-0.542
-0.545
-9.224
-1.820
-12.162
-2.889
9.978
-12.705
-2.908
1.299
-10.122
-9.566
-14.368
9.568
9.568
;
; amp track 21 (harmonic 10)
; peak time 391 ms
;
f920	0	32	-2
0
2492
2604
2339
2035
1972
1969
1973
2087
379
93
9
9
10
4
1
2
2
2
0
0
3
2
1
1
1
1
3
0
1
1
0
;
; frq track 22 (harmonic 10)
; Freq. diffs.
; 
f921	0	32	-2
-4.273
4.450
3.753
3.728
3.727
2.763
2.729
2.727
2.727
0.799
1.694
-3.095
3.484
1.790
1.730
21.013
7.237
-1.933
-7.082
-25.587
0.752
-19.522
-7.710
13.926
-0.730
-15.718
-3.717
-1.360
-9.954
14.810
10.873
10.873
;
; amp track 23 (harmonic 11)
; peak time 195 ms
;
f922	0	32	-2
0
1714
1237
1170
1222
1098
1101
1240
1038
180
82
49
38
25
17
11
7
2
1
1
1
1
1
1
1
1
0
1
0
1
0
0
;
; frq track 24 (harmonic 11)
; Freq. diffs.
; 
f923	0	32	-2
-3.727
5.965
3.369
4.240
2.343
2.275
3.237
4.236
3.307
4.238
0.414
-0.687
-0.726
-0.727
-1.692
-3.655
-2.760
-3.693
4.953
7.190
1.484
-25.720
8.987
-4.237
0.112
-1.662
12.739
-29.175
-23.922
5.194
8.163
8.163
;
; amp track 25 (harmonic 12)
; peak time 783 ms
;
f924	0	32	-2
0
1877
2411
2433
2760
2272
2345
2156
2060
146
37
12
4
3
1
5
2
1
1
1
1
1
1
1
1
0
1
1
0
1
0
0
;
; frq track 26 (harmonic 12)
; Freq. diffs.
; 
f925	0	32	-2
-0.545
12.055
9.547
7.529
7.457
7.455
7.455
8.419
7.489
5.527
5.457
6.419
4.525
1.564
7.244
-13.767
-1.982
-0.597
9.096
-14.665
-2.978
-1.597
-11.190
15.467
0.026
5.261
8.340
5.558
-14.792
-22.269
20.857
20.857
;
; amp track 27 (harmonic 13)
; peak time 783 ms
;
f926	0	32	-2
0
1337
1497
1703
1960
1673
1572
1762
1363
123
26
8
5
1
2
1
1
1
1
1
0
1
1
1
0
1
0
1
0
1
0
0
;
; frq track 28 (harmonic 13)
; Freq. diffs.
; 
f927	0	32	-2
4.091
13.783
14.080
13.126
11.164
12.058
12.090
13.055
12.125
14.021
11.195
9.166
8.129
5.199
7.023
-4.483
-5.858
-1.086
4.870
-17.096
-15.951
26.518
13.570
26.608
7.788
-6.384
-18.462
-12.143
18.940
-2.129
21.226
21.226
;
; amp track 29 (harmonic 14)
; peak time 783 ms
;
f928	0	32	-2
0
1386
1583
1711
2049
1966
2042
2004
1672
139
17
15
2
4
4
1
1
1
0
1
1
1
1
0
0
1
1
0
0
0
1
0
;
; frq track 30 (harmonic 14)
; Freq. diffs.
; 
f929	0	32	-2
0.000
10.662
10.988
10.035
9.037
9.001
9.000
9.964
9.034
9.001
8.036
3.180
-4.708
1.760
3.920
-2.753
0.866
0.995
-25.036
4.892
8.853
-25.720
-8.633
16.085
7.324
-2.631
-2.987
-14.571
-13.710
-12.849
-13.959
-13.959
;
; source file ../data/Cello.arco.sulC/ffB3.het
; via ../data/Cello.arco.sulC/ffB3.asc
;
; number of harmonics (amp/frq track pairs):
; 15
;
; duration 1.752000 s
; avg. peak time 825 ms
; avg. release time 1012 ms
; peak amp 8132 (track 1)
;
;
; amp track 1 (harmonic 0)
; peak time 1051 ms
;
f930	0	16	-2
0
5083
5634
7238
6723
6405
6754
7300
7338
8078
7773
8012
2731
1006
281
0
;
; frq track 2 (harmonic 0)
; Freq. diffs.
; 
f931	0	16	-2
-3.000
-0.181
-0.012
-0.001
-0.000
0.000
0.000
0.000
0.000
0.000
0.000
-3.727
-3.050
-3.003
-3.000
-3.000
;
; amp track 3 (harmonic 1)
; peak time 1168 ms
;
f932	0	16	-2
0
2564
3844
4839
4682
4483
4654
4799
4983
4983
5368
3785
490
64
29
0
;
; frq track 4 (harmonic 1)
; Freq. diffs.
; 
f933	0	16	-2
-6.833
-4.014
-1.051
-0.848
0.097
0.162
0.166
0.167
0.167
0.167
-0.765
0.103
-7.291
-24.565
-10.722
-10.722
;
; amp track 5 (harmonic 2)
; peak time 1051 ms
;
f934	0	16	-2
0
294
233
315
448
817
451
902
719
1611
444
1574
289
40
16
0
;
; frq track 6 (harmonic 2)
; Freq. diffs.
; 
f935	0	16	-2
-11.000
4.034
0.276
1.882
0.129
0.009
1.864
-0.827
-0.057
-0.004
-0.932
-0.064
0.927
12.174
13.890
13.890
;
; amp track 7 (harmonic 3)
; peak time 1285 ms
;
f936	0	16	-2
0
2373
3060
3453
3298
2971
2845
3180
3069
3127
3280
4055
690
70
15
0
;
; frq track 8 (harmonic 3)
; Freq. diffs.
; 
f937	0	16	-2
-13.500
-6.922
-1.871
-0.594
-0.506
0.431
-1.368
-0.552
-0.504
1.363
0.559
-1.359
1.305
1.487
-2.259
-2.259
;
; amp track 9 (harmonic 4)
; peak time 1051 ms
;
f938	0	16	-2
0
606
663
905
983
990
1291
1277
1511
1940
1363
1000
147
21
6
0
;
; frq track 10 (harmonic 4)
; Freq. diffs.
; 
f939	0	16	-2
-16.500
-8.043
-0.084
-3.266
0.242
0.482
-0.433
-1.436
5.026
-1.054
-2.401
7.755
2.859
-9.587
-17.962
-17.962
;
; amp track 11 (harmonic 5)
; peak time 1285 ms
;
f940	0	16	-2
0
828
712
838
490
415
517
702
548
1239
742
1411
117
14
4
0
;
; frq track 12 (harmonic 5)
; Freq. diffs.
; 
f941	0	16	-2
-22.833
-6.859
-2.177
-5.583
-10.474
2.234
9.624
7.315
-0.276
-4.522
-14.128
0.121
2.027
-45.356
32.187
32.187
;
; amp track 13 (harmonic 6)
; peak time 817 ms
;
f942	0	16	-2
0
2073
1947
2166
2262
2314
2429
2603
2316
2339
2424
1859
141
12
3
0
;
; frq track 14 (harmonic 6)
; Freq. diffs.
; 
f943	0	16	-2
-24.167
-7.253
-0.651
-1.131
-1.164
-0.235
-1.103
1.656
-2.837
3.377
-0.856
2.581
11.201
9.927
-70.032
-70.032
;
; amp track 15 (harmonic 7)
; peak time 467 ms
;
f944	0	16	-2
0
483
770
837
948
848
671
432
496
712
525
253
25
4
2
0
;
; frq track 16 (harmonic 7)
; Freq. diffs.
; 
f945	0	16	-2
-28.167
-12.193
-5.647
-6.131
-2.438
1.541
-0.981
0.724
-1.037
-0.226
-0.171
-23.458
-9.212
-11.033
10.453
10.453
;
; amp track 17 (harmonic 8)
; peak time 701 ms
;
f946	0	16	-2
0
1696
1935
2130
1911
2231
2255
2099
2231
2191
2228
314
40
17
3
0
;
; frq track 18 (harmonic 8)
; Freq. diffs.
; 
f947	0	16	-2
-30.333
-10.601
-4.762
-4.363
0.323
-1.220
-1.326
1.486
0.723
5.329
-4.604
4.033
-27.052
-44.083
28.035
28.035
;
; amp track 19 (harmonic 9)
; peak time 1051 ms
;
f948	0	16	-2
0
859
1237
1649
1773
1552
1883
1605
1655
1962
1835
1853
144
15
3
0
;
; frq track 20 (harmonic 9)
; Freq. diffs.
; 
f949	0	16	-2
-35.833
-14.221
1.978
0.290
-3.551
-2.882
-0.974
2.917
-3.372
2.720
1.273
10.490
-14.033
-31.548
64.968
64.968
;
; amp track 21 (harmonic 10)
; peak time 116 ms
;
f950	0	16	-2
0
2966
2969
2430
2255
1686
1375
1648
1677
1676
2395
586
43
5
2
0
;
; frq track 22 (harmonic 10)
; Freq. diffs.
; 
f951	0	16	-2
-37.333
-14.782
-6.911
-0.783
-2.227
-1.395
1.457
-1.165
-5.048
5.866
0.090
-60.860
-83.660
-20.937
-30.706
-30.706
;
; amp track 23 (harmonic 11)
; peak time 1168 ms
;
f952	0	16	-2
0
816
793
957
776
632
652
922
860
944
1185
349
26
5
2
0
;
; frq track 24 (harmonic 11)
; Freq. diffs.
; 
f953	0	16	-2
-39.833
-8.825
-4.175
-1.062
-3.644
-2.889
3.684
-3.380
3.651
5.995
-6.888
24.838
-73.608
-94.314
-91.043
-91.043
;
; amp track 25 (harmonic 12)
; peak time 116 ms
;
f954	0	16	-2
0
1108
722
441
606
554
648
705
721
812
807
266
20
2
1
0
;
; frq track 26 (harmonic 12)
; Freq. diffs.
; 
f955	0	16	-2
-44.667
-15.537
-9.136
-4.972
-0.030
0.308
-1.532
-1.659
1.129
3.183
-1.335
-65.926
-17.240
-135.954
-12.589
-12.589
;
; amp track 27 (harmonic 13)
; peak time 116 ms
;
f956	0	16	-2
0
697
127
281
331
267
304
478
402
522
381
107
10
3
1
0
;
; frq track 28 (harmonic 13)
; Freq. diffs.
; 
f957	0	16	-2
-45.000
-11.172
-38.029
2.058
3.867
-1.599
4.549
-3.484
-1.170
-0.080
1.858
29.007
-46.461
-24.604
-19.338
-19.338
;
; amp track 29 (harmonic 14)
; peak time 934 ms
;
f958	0	16	-2
0
194
315
370
353
585
565
626
720
390
542
208
16
3
1
0
;
; frq track 30 (harmonic 14)
; Freq. diffs.
; 
f959	0	16	-2
-51.167
-16.399
-0.345
2.616
8.408
0.420
-10.375
2.976
-5.542
14.372
-1.036
-20.722
-2.504
-44.113
-131.552
-131.552
;
