; source file ../data/Cello-arco-reference-1st/arco-ppC2.het
; via ../data/Cello-arco-reference-1st/arco-ppC2.asc
;
; number of harmonics (amp/frq track pairs):
; 10
;
; duration 1.475000 s
; avg. peak time 731 ms
; avg. release time 801 ms
; peak amp 7204 (track 3)
;
;
; amp track 1 (harmonic 0)
; peak time 406 ms
;
f500	0	128	-2
0
0
5
15
20
20
16
10
9
7
12
26
35
25
13
22
39
39
44
60
59
56
61
52
46
55
44
44
59
47
34
44
56
51
67
102
85
60
66
46
33
38
54
45
52
74
55
56
63
53
45
46
68
61
54
63
44
39
44
41
49
53
52
43
40
46
41
45
54
43
38
43
36
40
41
46
51
42
52
54
37
41
38
49
61
53
67
69
63
73
68
68
63
62
67
59
61
56
49
51
42
36
34
28
26
24
21
21
17
19
17
12
14
10
9
13
13
11
14
11
9
11
8
9
9
8
0
;
; frq track 2 (harmonic 0)
; Freq. diffs.
; 
f501	0	128	-2
-10.116
-2.116
13.467
17.884
20.634
19.946
15.884
14.050
10.884
-2.866
7.905
26.884
25.967
38.884
51.717
37.203
19.884
16.217
16.828
20.884
22.717
17.884
14.217
21.245
22.884
8.217
-10.116
-12.866
-3.012
-9.116
-17.366
-9.804
-6.116
-11.616
-12.116
2.550
21.189
26.884
12.217
9.884
19.050
26.231
15.884
-10.700
-11.082
10.884
25.550
21.884
17.300
20.585
22.884
26.550
14.884
19.467
26.266
18.884
27.134
15.905
-5.116
-11.533
-9.116
-7.283
-8.047
-12.116
-13.033
-7.116
-11.700
-10.248
-5.116
-11.533
-12.068
-7.116
-13.533
-9.116
-10.033
-9.193
-6.116
-13.450
-5.116
-4.200
-16.957
-8.116
-11.783
-12.116
-7.533
-15.401
-8.116
-7.200
-12.623
-9.116
-10.950
-9.116
-10.950
-12.019
-8.116
-10.866
-8.116
-9.033
-10.943
-6.116
-10.700
-11.082
-9.116
-12.783
-10.116
-11.033
-12.026
-9.116
-13.700
-7.116
-8.950
-17.352
-7.116
-12.616
-14.908
-6.116
-7.033
-15.116
0.467
21.932
24.884
4.717
-16.116
-10.616
-6.491
-15.116
-7.783
;
; amp track 3 (harmonic 1)
; peak time 847 ms
;
f502	0	128	-2
0
1
5
14
34
60
75
107
171
234
283
277
310
474
630
734
764
772
830
1003
1228
1467
1660
1844
2043
2249
2459
2604
2774
2983
3149
3281
3468
3709
3980
4189
4444
4611
4643
4624
4500
4209
3864
3818
3959
4256
4602
4971
5262
5585
5899
6158
6425
6644
6850
6943
6993
7055
7089
7111
7115
7111
7095
7027
6970
6931
6918
6941
6983
7033
7088
7143
7190
7204
7190
7187
7162
7117
7039
6924
6810
6679
6555
6381
6115
5712
5150
4594
3999
3351
2868
2431
2148
1883
1661
1490
1287
1143
991
849
754
646
526
429
316
225
134
72
89
169
243
302
344
353
359
363
357
341
338
350
361
364
361
355
349
342
0
;
; frq track 4 (harmonic 1)
; Freq. diffs.
; 
f503	0	128	-2
0.140
-1.860
-4.610
10.140
5.556
-4.909
2.140
4.890
2.140
-1.527
-1.833
2.140
3.973
-0.860
-3.610
-3.840
-0.860
0.056
0.133
-0.860
-2.694
-1.860
-0.944
-0.867
0.140
0.140
0.140
-0.777
-0.854
-0.860
0.056
0.133
0.140
0.140
0.140
0.140
0.140
0.140
0.140
0.140
0.140
0.140
0.140
0.140
-0.777
0.140
0.140
0.140
-0.777
-0.854
-0.860
-0.860
-0.860
0.056
0.133
0.140
0.140
0.140
0.140
0.140
0.140
0.140
0.140
0.140
0.140
0.140
0.140
0.140
0.140
0.140
0.140
0.140
0.140
0.140
0.140
0.140
0.140
0.140
0.140
0.140
0.140
0.140
0.140
0.140
0.140
0.140
-0.860
-0.860
-0.860
-0.860
-0.860
-0.860
-0.860
-0.860
-0.860
-0.860
0.140
-0.777
0.063
-0.860
-0.860
-0.860
-0.860
0.056
0.140
0.140
6.556
17.140
11.640
2.140
1.223
0.230
-0.860
0.056
0.133
0.140
-0.777
-0.860
-0.860
-0.860
-0.860
-0.860
0.140
0.140
-0.777
-0.860
-0.860
;
; amp track 5 (harmonic 2)
; peak time 534 ms
;
f504	0	128	-2
0
1
14
51
81
107
126
122
104
104
126
179
240
311
356
391
420
472
589
750
832
896
960
1053
1188
1290
1326
1299
1253
1148
1007
857
742
712
770
955
1291
1753
2175
2681
3070
3368
3547
3697
3858
3960
3973
3959
3898
3752
3554
3427
3400
3482
3558
3560
3498
3392
3290
3249
3208
3149
3061
2960
2899
2831
2781
2764
2759
2706
2617
2515
2425
2327
2239
2113
1980
1905
1823
1756
1703
1678
1663
1647
1671
1747
1897
2049
2166
2235
2253
2238
2210
2171
2088
1989
1866
1725
1544
1370
1261
1161
1073
1008
918
837
753
644
550
459
405
380
380
375
362
367
379
376
365
363
369
359
337
321
305
287
0
;
; frq track 6 (harmonic 2)
; Freq. diffs.
; 
f505	0	128	-2
0.116
8.116
20.033
5.116
-3.134
-4.738
-3.884
-0.217
4.116
6.866
6.179
2.116
-0.634
0.116
0.116
-0.800
-0.884
0.033
0.109
-0.884
-2.717
-2.884
-1.967
-0.974
0.116
0.116
0.116
-0.800
-0.877
0.116
0.116
-1.717
-4.884
-5.800
-4.884
-3.050
-1.981
-0.884
0.033
0.116
-0.800
-1.793
-1.884
-1.884
-0.967
-0.884
0.033
0.116
0.116
1.033
1.116
1.116
1.116
1.116
1.116
1.116
1.116
1.116
1.116
0.200
0.116
0.116
0.116
0.116
0.116
0.116
0.116
0.116
0.116
0.116
0.116
1.116
1.116
1.116
0.200
0.123
0.116
0.116
0.116
-0.800
-0.877
-1.884
-1.884
-2.884
-2.884
-2.884
-1.884
-1.884
-1.884
-0.884
-0.884
-0.884
-0.884
-0.884
-0.884
0.033
0.116
-0.800
-0.877
0.116
0.116
0.116
0.116
-0.800
-0.884
-0.884
-0.884
-0.884
-1.800
-2.884
-1.967
-1.891
-1.884
-0.967
0.026
-0.884
-0.884
-0.884
0.033
0.109
0.116
0.116
1.116
0.200
0.123
-0.884
-0.884
;
; amp track 7 (harmonic 3)
; peak time 731 ms
;
f506	0	128	-2
0
0
6
25
41
48
45
41
70
97
107
133
169
209
239
286
345
372
369
364
428
619
838
1079
1427
1832
2291
2583
2845
3119
3349
3579
3808
4038
4339
4591
4890
5169
5265
5257
5069
4690
4249
3982
3735
3361
2937
2360
1923
1782
2153
2754
3466
3971
4425
4842
5149
5447
5706
5842
5940
5977
5991
5995
5964
5921
5893
5879
5881
5876
5886
5895
5874
5832
5794
5777
5736
5627
5444
5269
5119
5008
4928
4862
4861
4891
4935
4940
4865
4692
4525
4354
4205
4006
3728
3457
3132
2868
2580
2258
1991
1710
1423
1210
974
782
589
393
270
182
135
112
112
123
141
162
182
199
190
177
166
157
154
152
149
143
0
;
; frq track 8 (harmonic 3)
; Freq. diffs.
; 
f507	0	128	-2
-0.349
9.651
25.234
12.651
7.151
3.943
5.651
13.901
6.651
-1.599
-5.953
-4.349
-0.682
-0.349
-2.182
-2.335
-1.349
-1.349
-1.349
-2.349
-5.099
-5.349
-2.599
-1.453
-1.349
-1.349
-1.349
-1.349
-1.349
-1.349
-1.349
-1.349
-1.349
-1.349
-0.349
-1.266
-1.342
-1.349
-2.266
-2.349
-2.349
-3.266
-3.349
-3.349
-2.432
-1.349
-0.432
0.651
3.401
4.547
3.651
0.901
-0.349
-0.349
-0.349
-0.349
-0.349
-0.349
-0.349
-0.349
-0.349
-0.349
-0.349
-0.349
-0.349
-0.349
-0.349
-0.349
-0.349
-0.349
-0.349
-0.349
-0.349
-0.349
-0.349
-0.349
0.651
0.651
0.651
0.651
0.651
0.651
0.651
0.651
0.651
0.651
0.651
0.651
-0.266
-0.349
-0.349
-0.349
-0.349
-0.349
-0.349
-0.349
-0.349
-0.349
-0.349
-0.349
-0.349
-0.349
-0.349
-0.349
-0.349
-1.266
-1.342
-1.349
-2.266
-3.349
-6.099
-5.411
-5.349
-4.432
-3.439
-2.349
-1.432
-0.349
-0.349
0.568
0.651
-0.266
-0.349
-0.349
-0.349
-0.349
1.484
;
; amp track 9 (harmonic 4)
; peak time 847 ms
;
f508	0	128	-2
0
0
2
15
33
40
36
24
20
39
64
56
58
107
134
172
231
240
300
398
410
417
482
553
715
918
1091
1174
1228
1278
1380
1454
1487
1585
1697
1711
1705
1670
1500
1246
1090
985
1045
1251
1510
1832
2127
2454
2690
2867
2906
2842
2837
2861
2854
2920
2993
3017
3027
3042
3026
2977
2964
2957
2933
2927
2938
2959
2996
3052
3128
3206
3269
3310
3277
3186
3066
2948
2792
2672
2514
2248
1971
1664
1426
1238
1185
1239
1320
1402
1446
1455
1421
1370
1294
1192
1042
923
807
681
573
455
339
261
176
102
51
53
96
122
126
124
113
113
115
125
152
167
170
175
167
162
165
159
145
131
0
;
; frq track 10 (harmonic 4)
; Freq. diffs.
; 
f509	0	128	-2
-0.140
-6.140
-7.973
12.860
14.694
13.930
13.860
14.777
2.860
-2.640
2.402
-7.140
-14.473
-1.140
-3.890
-4.119
1.860
0.027
0.791
1.860
-0.890
-3.140
-1.306
-2.070
-1.140
-0.223
-0.140
-0.140
-1.056
-2.140
-1.223
-1.146
-1.140
-1.140
-0.140
-1.056
-1.133
-0.140
-0.140
-0.140
1.694
3.680
2.860
1.027
-0.042
-1.140
-1.140
-1.140
-2.056
-2.133
-2.140
-2.140
-1.140
-1.140
-1.140
-1.140
-0.223
-0.146
-0.140
-0.140
-0.140
-0.140
-0.140
-0.140
-0.140
-0.140
-0.140
0.777
-0.140
-0.140
-0.140
-0.140
0.777
0.860
-0.056
0.784
0.860
0.860
0.860
0.860
0.860
0.860
0.860
1.860
3.694
4.763
4.860
3.944
2.034
0.860
-0.056
-0.140
-0.140
-0.140
-0.140
-0.140
-0.140
-1.056
-1.133
-1.140
-1.140
-2.056
-3.140
-3.140
-3.140
-7.723
-13.605
-13.140
-3.056
1.860
-1.806
-4.862
-6.140
-4.306
-4.153
-5.140
-3.306
-2.140
-2.140
-1.223
-0.140
-0.140
-1.140
-0.223
0.770
-0.140
-1.056
;
; amp track 11 (harmonic 5)
; peak time 882 ms
;
f510	0	128	-2
0
0
5
15
20
30
43
48
60
82
100
109
135
186
226
212
181
245
330
401
459
598
799
969
1109
1252
1485
1701
1850
1989
2130
2236
2348
2432
2481
2421
2335
2318
2355
2441
2423
2294
2211
2280
2414
2550
2589
2461
2203
1881
1541
1383
1359
1444
1604
1796
1970
2130
2269
2401
2574
2690
2836
3021
3141
3232
3275
3309
3377
3468
3564
3690
3793
3902
4012
4109
4151
4130
4055
3973
3829
3589
3346
2960
2535
2015
1376
888
543
418
514
686
807
878
914
934
926
886
841
809
785
750
702
664
618
562
498
424
362
301
250
205
172
156
141
132
126
114
112
116
116
113
110
110
108
94
0
;
; frq track 12 (harmonic 5)
; Freq. diffs.
; 
f511	0	128	-2
-0.070
-3.070
-10.403
-17.070
-22.570
-9.278
3.930
4.847
2.930
2.014
-1.729
-2.070
-2.070
-1.070
-0.153
-1.910
-2.070
-3.903
-4.056
-1.070
-1.986
-0.070
-0.986
-1.979
-1.070
-1.986
-2.070
-1.153
-0.160
-0.070
-0.986
-0.146
-0.070
-0.070
-1.070
-1.070
-1.070
-3.070
-3.070
-3.070
-3.070
-3.986
-5.070
-4.153
-3.160
-2.070
-1.153
-1.070
-0.153
-0.077
0.930
0.930
1.930
1.930
1.014
0.930
0.014
-0.063
-0.070
-0.070
-0.070
-0.070
-0.070
-0.070
-0.070
-0.070
-0.070
-0.070
0.930
0.930
0.930
0.930
0.930
0.930
0.930
0.930
0.930
0.930
0.930
0.014
-0.063
-0.070
-0.070
-0.070
-0.070
-0.986
-2.070
-4.820
-9.632
-11.070
-7.403
-3.070
-2.153
-2.077
-2.070
-1.153
-1.070
-1.070
-1.070
-1.070
-1.070
-1.070
-1.070
-1.070
-1.070
-1.070
-1.070
-1.070
-0.153
-0.070
1.764
2.833
3.930
3.930
2.097
0.930
-0.903
-1.070
-1.070
-1.070
-1.070
-1.070
0.930
0.930
-0.903
-1.070
1.680
;
; amp track 13 (harmonic 6)
; peak time 801 ms
;
f512	0	128	-2
0
0
3
9
16
20
21
29
44
50
58
74
95
127
146
174
226
255
306
407
483
574
687
813
951
1100
1273
1399
1521
1646
1740
1812
1873
1920
1966
1977
1953
1828
1624
1345
1058
718
454
447
529
645
784
977
1107
1202
1292
1387
1505
1612
1758
1919
2012
2090
2189
2281
2418
2556
2683
2803
2881
2939
2969
3015
3089
3130
3124
3085
3050
2965
2849
2720
2551
2380
2207
2082
1928
1720
1515
1253
1053
943
935
1011
1170
1297
1311
1309
1314
1309
1258
1179
1081
995
913
823
741
665
598
561
524
486
446
405
381
345
299
257
222
206
196
182
171
164
158
152
145
139
130
124
114
100
0
;
; frq track 14 (harmonic 6)
; Freq. diffs.
; 
f513	0	128	-2
0.674
-6.326
-19.159
-13.326
-0.492
5.161
2.674
-3.742
-3.326
0.341
0.647
-0.326
-2.159
-4.326
-3.409
-1.499
-3.326
-1.492
-1.339
-3.326
-4.242
-3.326
-3.326
-2.409
-2.326
-2.326
-1.326
-1.326
-1.326
-0.326
-0.326
-0.326
-0.326
-0.326
-0.326
-0.326
-0.326
-0.326
-0.326
-0.326
0.591
4.334
7.674
4.008
0.036
-1.326
-2.242
-3.326
-3.326
-3.326
-3.326
-3.326
-2.326
-2.326
-1.409
-1.326
-1.326
-0.409
-0.326
-0.326
-0.326
-0.326
-0.326
-0.326
-0.326
0.674
0.674
0.674
0.674
0.674
0.674
0.674
0.674
0.674
0.674
0.674
0.674
0.674
0.674
0.674
0.674
0.674
1.591
2.674
4.508
4.661
3.674
3.674
1.841
0.674
0.674
-0.326
-0.326
-1.242
-0.326
-1.242
-1.326
-1.326
-1.326
-1.326
-1.326
-1.326
-2.326
-1.409
-1.326
-1.326
-1.326
-1.326
-1.326
-1.326
-1.326
-0.409
-0.326
-0.326
-0.326
-0.326
-0.326
-0.326
-0.326
0.591
-0.326
-0.326
-0.326
-0.326
-0.326
-0.326
-0.326
;
; amp track 15 (harmonic 7)
; peak time 708 ms
;
f514	0	128	-2
0
0
5
21
38
55
70
83
96
107
116
131
152
160
166
198
212
212
229
285
374
475
536
589
651
693
731
733
734
769
790
794
812
820
831
896
979
1039
1144
1368
1604
1855
2088
2265
2443
2616
2751
2814
2769
2673
2583
2560
2573
2612
2668
2760
2848
2901
2920
2924
2913
2928
2927
2837
2722
2616
2588
2599
2637
2654
2640
2620
2640
2696
2762
2829
2843
2810
2775
2769
2751
2675
2568
2423
2315
2246
2216
2217
2230
2214
2143
2010
1904
1810
1688
1558
1402
1279
1154
1037
946
852
756
679
599
529
459
391
314
226
203
188
147
123
123
129
124
124
129
124
107
92
82
67
52
47
0
;
; frq track 16 (harmonic 7)
; Freq. diffs.
; 
f515	0	128	-2
0.256
3.256
5.089
-1.744
-3.578
-3.730
-2.744
0.006
0.256
-1.578
-3.564
-2.744
0.006
-1.744
-4.494
-3.807
-1.744
1.922
0.395
-2.744
-1.828
-0.744
-1.661
-1.737
-3.744
-3.744
-1.744
-1.744
-2.661
-2.744
-1.828
-1.751
-2.744
-2.744
-3.744
-1.911
0.075
1.256
1.256
0.256
-0.661
-0.737
-1.744
-2.661
-2.737
-2.744
-1.828
-1.744
-0.828
-0.751
0.256
0.256
0.256
0.256
0.256
0.256
0.256
0.256
0.256
0.256
0.256
0.256
0.256
0.256
0.256
0.256
0.256
0.256
0.256
0.256
0.256
0.256
0.256
0.256
0.256
0.256
0.256
0.256
0.256
0.256
0.256
1.256
1.256
2.256
2.256
2.256
1.256
1.256
0.339
0.256
0.256
-0.744
-0.744
-0.744
-0.744
-0.744
-1.744
-1.744
-1.744
-1.744
-1.744
-1.744
-1.744
-1.744
-1.744
-1.744
-1.744
-1.744
-3.578
-3.744
-1.911
-1.758
-3.744
-3.744
-0.994
0.256
-1.578
-1.744
-0.828
-1.668
-0.744
0.172
1.256
2.172
-0.501
-2.744
-1.828
;
; amp track 17 (harmonic 8)
; peak time 650 ms
;
f516	0	128	-2
0
0
6
18
20
14
19
30
45
62
83
83
64
44
39
41
77
170
261
340
388
390
376
413
515
607
686
673
599
555
590
617
594
590
613
653
790
1042
1184
1161
1034
874
731
805
1053
1323
1519
1695
1763
1834
1985
2144
2363
2574
2768
2935
2983
2955
2885
2791
2617
2424
2260
2184
2160
2143
2173
2245
2307
2322
2343
2375
2412
2475
2503
2531
2543
2505
2398
2276
2169
2073
2030
2043
2082
2064
1926
1728
1480
1251
1143
1048
954
846
768
711
630
592
552
502
459
406
359
338
321
306
279
244
216
185
154
115
72
53
45
49
51
52
52
54
58
52
39
32
21
16
0
;
; frq track 18 (harmonic 8)
; Freq. diffs.
; 
f517	0	128	-2
0.581
-2.419
-7.002
-5.419
-6.335
-12.828
-7.419
4.498
6.581
4.748
3.679
6.581
8.415
8.581
1.248
2.470
18.581
7.581
-0.669
-5.419
-4.502
-2.419
-0.585
-0.432
-2.419
-2.419
-1.419
-1.419
-1.419
-3.419
-1.585
-0.516
-0.419
-1.335
-2.419
-4.252
-4.405
-2.419
-1.502
-2.419
-1.502
-1.426
-2.419
-1.502
-0.509
-1.419
-1.419
-1.419
-0.502
0.491
0.581
0.581
0.581
-0.335
-0.412
-0.419
-0.419
-0.419
-0.419
0.498
0.581
0.581
1.498
0.581
0.581
-0.419
-0.419
-0.419
-0.419
-0.419
0.498
0.581
0.581
0.581
0.581
0.581
0.581
0.581
0.581
0.581
0.581
0.581
-0.335
-0.419
0.498
0.574
-0.419
-1.335
-2.328
-3.419
-3.419
-2.419
-2.419
-3.335
-3.419
-3.419
-3.419
-3.419
-2.502
-1.419
-2.335
-2.412
-3.419
-3.419
-4.419
-4.419
-4.419
-3.419
-4.335
-4.419
-3.502
-4.342
-4.419
-4.419
-5.335
-6.419
-3.669
0.581
1.498
2.491
1.581
-0.252
1.581
-1.169
-8.731
-17.419
-13.752
;
; amp track 19 (harmonic 9)
; peak time 905 ms
;
f518	0	128	-2
0
0
1
5
14
28
48
65
74
79
85
87
101
121
140
176
201
174
138
120
132
163
214
324
445
522
619
700
771
861
933
994
1061
1087
1063
1057
1061
1008
926
792
684
610
563
538
516
458
356
191
76
47
106
228
363
455
575
727
824
896
941
958
960
985
1060
1139
1190
1267
1343
1432
1548
1649
1737
1828
1905
2001
2099
2174
2176
2171
2196
2176
2131
2103
2066
1987
1866
1674
1434
1220
951
659
477
312
186
112
150
207
289
350
380
387
377
366
356
344
323
288
250
231
230
240
251
255
252
242
233
222
206
181
154
134
122
113
100
95
90
84
0
;
; frq track 20 (harmonic 9)
; Freq. diffs.
; 
f519	0	128	-2
0.326
3.326
17.076
25.326
12.492
2.256
-1.674
-1.674
-1.674
-1.674
-1.674
-3.674
-4.591
-3.674
-2.758
-0.848
-2.674
-3.591
-0.917
2.326
0.492
-2.674
-0.841
0.228
-2.674
-4.508
-2.674
-0.841
-1.605
-1.674
-1.674
-0.758
-0.674
-0.674
-1.674
-1.674
-2.591
-2.674
-2.674
-1.674
-2.591
-0.834
-1.674
-1.674
-0.758
-2.674
-3.591
2.326
19.742
6.527
-7.674
-5.841
-4.674
-3.758
-2.765
-2.674
-0.841
0.228
0.326
-0.591
-0.674
0.242
0.319
0.326
0.326
0.326
0.326
-0.591
0.326
0.326
0.326
0.326
0.326
0.326
0.326
0.326
0.326
1.242
0.326
0.326
0.326
0.326
1.242
1.326
0.409
0.333
-0.674
-0.674
-1.591
-2.674
-2.674
-1.674
-8.091
-19.626
-9.674
-2.341
-1.674
-0.758
-0.681
-0.674
-1.591
-1.667
-1.674
-1.674
-1.674
-2.591
-4.501
-4.674
-4.674
-2.674
-2.674
-1.758
-1.674
-1.674
-0.758
-0.674
0.242
0.326
-1.508
-1.661
-1.674
-1.674
-0.674
0.242
-0.598
0.326
0.326
;
; source file ../data/Cello-arco-reference-1st/arco-ppG5.het
; via ../data/Cello-arco-reference-1st/arco-ppG5.asc
;
; number of harmonics (amp/frq track pairs):
; 10
;
; duration 1.685000 s
; avg. peak time 617 ms
; avg. release time 649 ms
; peak amp 12227 (track 1)
;
;
; amp track 1 (harmonic 0)
; peak time 535 ms
;
f520	0	64	-2
0
134
1226
1804
1662
1975
1971
1861
4430
4360
412
1313
606
5288
10476
5784
11287
7320
4353
4386
11937
7340
6176
4213
10892
9878
5606
5321
3922
9218
11428
2108
498
923
3519
922
1558
4245
4126
3495
1173
1254
1236
1190
867
1030
498
247
51
206
390
525
548
846
603
304
442
522
542
524
437
318
299
0
;
; frq track 2 (harmonic 0)
; Freq. diffs.
; 
f521	0	64	-2
-4.476
7.524
-2.106
-3.425
-27.548
-14.476
-2.921
-8.270
0.198
-0.476
78.487
-8.144
-57.575
-6.476
0.265
15.922
2.057
-4.476
-20.847
-18.564
-4.998
1.524
4.413
-14.740
-11.597
-12.476
-4.773
8.031
19.098
-0.476
-6.254
-15.135
45.203
-13.476
0.968
-8.126
11.759
-1.476
-6.291
-1.655
1.406
0.524
-9.106
-12.351
-14.398
-11.476
-2.810
-14.044
-72.238
-0.476
5.302
-7.003
-10.348
-0.476
4.339
-16.668
-8.780
-7.476
-14.217
-6.763
-2.635
-4.476
-9.291
-9.291
;
; amp track 3 (harmonic 1)
; peak time 722 ms
;
f522	0	64	-2
0
128
153
613
437
916
1829
2657
4360
2430
3119
2242
3833
5791
4247
4689
6842
2026
5384
5501
2824
5676
7759
5829
8203
3076
7763
9137
6919
2856
2631
3367
2722
2229
1703
2013
947
1503
1935
774
1133
464
550
641
461
323
965
648
568
433
181
164
255
222
209
214
75
74
127
260
132
67
184
0
;
; frq track 4 (harmonic 1)
; Freq. diffs.
; 
f523	0	64	-2
-6.714
32.286
10.138
0.651
28.225
-11.714
0.804
20.527
11.628
-15.714
-8.010
-0.021
-20.911
4.286
25.471
8.922
-3.246
1.286
3.212
-6.347
44.336
16.286
5.693
-20.699
-13.010
-17.714
-5.196
10.675
14.152
-17.714
3.471
-24.633
8.992
-0.714
10.841
-8.953
24.981
3.286
2.323
-3.491
1.109
8.286
-0.381
2.187
-17.940
-9.714
1.841
-12.175
0.787
-1.714
-4.603
-10.488
2.776
3.286
-17.899
-19.647
30.362
-3.714
0.138
-5.498
-11.484
12.286
-7.936
-7.936
;
; amp track 5 (harmonic 2)
; peak time 749 ms
;
f524	0	64	-2
0
108
226
626
1362
2117
1996
2709
1476
3255
1733
5081
7500
2234
3372
4571
3932
8990
2483
8102
3572
2846
5963
5171
8347
7301
8101
7567
9118
4893
3160
1690
1650
5915
1942
2942
3927
1038
1469
1791
1084
416
734
732
216
750
723
550
478
453
198
125
188
114
139
39
221
47
99
128
135
128
54
0
;
; frq track 6 (harmonic 2)
; Freq. diffs.
; 
f525	0	64	-2
3.952
1.952
15.434
6.303
-18.109
-16.048
-6.418
17.050
21.771
2.952
-13.418
-5.358
-5.059
21.952
33.508
18.529
-0.323
3.952
-18.196
7.947
25.286
-9.048
2.508
5.825
17.503
7.952
-2.640
17.190
5.406
2.952
-0.899
40.365
-1.440
-1.048
-33.788
-12.853
-6.300
-55.048
-3.048
5.619
11.718
5.952
6.915
2.136
-45.226
-3.048
7.545
9.863
-7.384
-2.048
-13.603
0.413
9.599
21.952
10.397
6.117
5.958
-26.048
-5.825
10.331
3.226
3.952
-35.529
-35.529
;
; amp track 7 (harmonic 3)
; peak time 722 ms
;
f526	0	64	-2
0
75
88
153
171
294
437
509
1494
1499
3498
1129
928
1089
2590
2773
1853
1859
2305
4030
1247
4080
2027
2510
2384
3346
1580
4375
4147
1852
1244
1262
1450
704
349
796
922
395
91
260
61
273
119
205
111
141
143
62
79
66
87
73
64
40
30
32
57
62
57
16
55
25
35
0
;
; frq track 8 (harmonic 3)
; Freq. diffs.
; 
f527	0	64	-2
17.857
-28.143
39.265
88.946
-29.584
40.857
40.857
49.524
40.215
8.857
19.450
25.620
61.478
12.857
14.783
31.225
34.723
3.857
11.561
7.994
112.825
38.857
22.487
35.362
32.950
23.857
46.005
36.233
23.353
29.857
34.672
-7.520
2.473
-46.143
-17.254
-18.110
14.599
-25.143
-199.439
-28.709
11.318
-12.143
6.154
-6.650
46.801
-3.143
37.302
14.726
-66.037
20.857
-8.995
23.604
41.181
30.857
80.931
-102.103
10.525
-0.143
39.339
-64.162
16.745
0.857
12.413
12.413
;
; amp track 9 (harmonic 4)
; peak time 428 ms
;
f528	0	64	-2
0
39
102
127
275
314
455
183
252
741
1295
1081
292
1208
945
305
1879
1668
407
1303
535
884
551
1043
925
1003
840
613
1456
682
507
194
594
621
372
335
553
138
196
126
65
80
109
53
55
85
64
87
39
42
57
56
41
25
12
12
22
23
24
36
20
24
28
0
;
; frq track 10 (harmonic 4)
; Freq. diffs.
; 
f529	0	64	-2
4.143
22.143
52.958
15.580
-18.545
-7.857
1.772
48.351
67.410
-13.857
-43.709
-31.333
-107.912
18.143
73.995
171.396
2.634
-13.857
83.402
46.560
107.788
50.143
78.069
-21.045
6.099
8.143
27.402
45.449
5.673
-35.857
-63.783
-22.447
-29.583
-37.857
-66.746
-55.298
14.460
94.143
5.550
20.565
-3.916
-15.857
13.995
-55.196
-17.314
-11.857
61.328
3.372
2.188
50.143
-6.672
-2.999
11.582
4.143
35.921
12.061
45.844
12.143
5.402
9.004
-37.084
-3.857
-0.968
-0.968
;
; amp track 11 (harmonic 5)
; peak time 535 ms
;
f530	0	64	-2
0
18
105
106
55
142
191
213
429
417
464
207
283
106
781
920
1895
752
963
1835
2092
797
964
1352
365
483
323
1492
349
660
638
606
670
658
225
474
332
141
100
103
90
24
45
16
48
42
30
13
13
8
22
20
28
17
13
19
16
9
8
5
10
12
8
0
;
; frq track 12 (harmonic 5)
; Freq. diffs.
; 
f531	0	64	-2
3.952
48.952
61.471
33.045
-105.711
-39.048
-22.677
9.707
59.054
-33.048
-15.714
20.557
-43.581
3.952
18.396
17.969
-1.307
11.952
-11.159
3.393
21.265
-45.048
13.693
-2.428
135.642
21.952
-64.714
33.187
-107.632
20.952
10.359
-34.329
-5.169
-39.048
-116.085
-2.419
8.531
-6.048
7.434
14.674
-34.169
188.952
80.137
304.330
24.707
-16.048
-18.937
-139.414
17.901
116.952
-4.381
-13.690
15.817
-7.048
-55.196
8.502
-50.768
69.952
27.582
-89.543
-7.214
38.952
46.656
46.656
;
; amp track 13 (harmonic 6)
; peak time 775 ms
;
f532	0	64	-2
0
6
43
37
40
53
111
52
158
106
104
128
88
271
238
145
196
376
537
285
328
527
263
367
257
675
435
403
364
756
114
337
319
355
212
361
335
115
82
85
98
17
46
26
13
7
9
18
7
11
11
8
14
7
2
10
7
12
6
9
4
4
6
0
;
; frq track 14 (harmonic 6)
; Freq. diffs.
; 
f533	0	64	-2
10.143
-334.857
79.217
5.960
-16.012
-40.857
11.143
75.662
79.977
-37.857
-56.153
54.873
-132.645
57.143
67.736
38.276
-31.186
-43.857
-27.486
-7.621
106.745
47.143
-3.894
-75.118
57.060
-20.857
11.884
-50.459
5.010
0.143
-104.820
7.811
31.242
15.143
22.847
-1.905
43.400
-26.857
-70.190
-27.499
-8.584
144.143
5.477
-28.548
-129.957
158.143
165.847
109.317
-62.258
-98.857
-9.301
-16.577
2.413
-6.857
80.772
10.833
24.613
42.143
8.439
7.191
-20.781
129.143
65.587
65.587
;
; amp track 15 (harmonic 7)
; peak time 428 ms
;
f534	0	64	-2
0
5
11
22
27
64
37
34
150
58
71
99
113
358
282
187
588
390
466
420
329
387
183
575
583
437
393
137
193
177
461
120
377
271
292
223
69
73
38
68
15
15
26
13
13
8
13
17
7
9
6
11
10
14
5
12
2
5
10
5
6
10
4
0
;
; frq track 16 (harmonic 7)
; Freq. diffs.
; 
f535	0	64	-2
12.762
-154.238
219.392
-76.845
205.887
58.762
232.095
81.552
135.680
197.762
-128.683
23.894
13.174
33.762
-17.275
22.242
46.816
-55.238
-15.757
57.928
37.545
70.762
34.169
-29.779
-16.740
-3.238
122.910
-188.270
-106.388
74.762
-0.350
146.128
5.183
18.762
12.021
-38.303
-95.056
-52.238
-70.535
17.380
254.637
-153.238
-21.312
40.389
-43.030
-351.238
4.095
34.589
-42.282
-26.238
7.465
17.380
62.044
-25.238
48.910
2.545
101.939
-28.238
28.577
-11.689
83.115
65.762
97.540
97.540
;
; amp track 17 (harmonic 8)
; peak time 561 ms
;
f536	0	64	-2
0
6
14
26
31
49
24
30
83
88
85
150
205
220
204
170
229
371
259
115
167
442
248
230
101
73
218
182
153
138
75
46
35
57
36
41
72
45
31
32
25
3
16
6
6
10
9
6
5
7
8
8
9
3
4
3
3
3
2
5
5
3
3
0
;
; frq track 18 (harmonic 8)
; Freq. diffs.
; 
f537	0	64	-2
14.143
-22.857
198.625
31.568
-27.582
18.143
-299.635
-84.145
97.169
19.143
-17.450
-79.472
8.750
51.143
-59.598
-22.292
-56.540
19.143
-16.486
-236.399
-11.507
27.143
35.810
54.427
-208.735
116.143
108.439
15.709
-74.392
25.143
12.625
-192.950
-75.379
69.143
165.439
-148.772
-41.965
25.143
81.958
1.248
-45.075
76.143
38.587
-28.285
43.386
-95.857
8.143
32.217
28.294
16.143
49.847
27.984
-61.418
180.143
-52.894
7.809
-40.018
97.143
-325.598
41.042
-59.009
19.143
30.699
30.699
;
; amp track 19 (harmonic 9)
; peak time 722 ms
;
f538	0	64	-2
0
3
16
28
14
23
53
27
50
96
31
66
132
56
117
182
146
218
348
133
117
185
231
121
290
411
361
413
376
263
285
163
91
26
65
71
47
43
34
21
41
9
16
6
9
14
4
5
10
4
11
2
7
9
6
2
11
7
4
4
4
7
3
0
;
; frq track 20 (harmonic 9)
; Freq. diffs.
; 
f539	0	64	-2
16.952
251.952
123.878
51.727
85.647
-17.048
35.915
86.988
30.139
-1.048
-141.641
33.227
-4.593
79.952
40.471
-66.917
26.364
12.952
-35.196
119.021
185.399
97.952
22.841
-125.348
36.719
2.952
57.841
30.022
36.695
18.952
2.582
-30.765
-108.074
89.952
-62.196
-22.572
-52.882
-43.048
-76.751
152.148
-42.559
26.952
-63.566
-79.438
16.271
69.952
206.693
298.424
-45.808
7.952
15.656
-159.318
196.275
50.952
11.471
-205.695
-20.183
14.952
215.249
-69.111
99.468
65.952
-75.604
-75.604
;
; source file ../data/Cello-arco-reference-1st/arco-ffC2.het
; via ../data/Cello-arco-reference-1st/arco-ffC2.asc
;
; number of harmonics (amp/frq track pairs):
; 10
;
; duration 2.656000 s
; avg. peak time 1124 ms
; avg. release time 1211 ms
; peak amp 7627 (track 7)
;
;
; amp track 1 (harmonic 0)
; peak time 794 ms
;
f540	0	128	-2
0
2
9
13
13
11
7
13
7
19
23
37
37
33
35
27
43
25
35
37
52
43
29
50
34
39
40
34
33
51
52
55
45
45
54
61
55
61
71
52
46
58
39
51
51
31
45
65
38
40
45
31
25
33
39
38
20
31
21
18
18
26
27
29
41
26
25
26
33
25
27
23
41
34
32
33
28
53
36
40
27
31
33
40
36
25
27
32
32
33
37
39
28
32
22
19
23
26
40
54
53
56
48
37
37
31
27
31
24
25
25
22
19
14
14
14
12
13
10
9
10
6
7
8
7
7
7
0
;
; frq track 2 (harmonic 0)
; Freq. diffs.
; 
f541	0	128	-2
-15.651
-15.651
11.016
14.190
13.389
19.065
33.621
25.743
42.510
17.595
10.694
15.127
11.349
17.063
4.954
-21.337
5.030
12.953
-11.432
-18.307
-11.968
-11.666
-23.080
-1.719
24.349
15.777
15.369
18.207
18.342
11.682
21.841
3.277
-14.750
-16.561
-14.742
-13.703
-17.651
-13.842
-13.660
-17.461
-16.690
-9.986
-23.000
17.332
4.015
-21.381
17.409
12.349
19.968
15.569
14.407
21.971
23.283
12.870
18.088
16.432
19.210
13.628
20.029
23.349
16.682
3.031
-14.762
23.439
-2.361
-16.923
-16.664
-14.747
-9.894
-19.187
-13.915
-19.651
-8.223
-17.202
-15.725
-13.750
-23.180
-0.772
21.248
-10.085
-16.338
-14.732
-16.560
-12.651
-12.651
-20.270
-15.871
-12.804
-14.563
-15.599
-12.792
-10.753
19.820
5.086
17.349
-17.889
-17.662
-22.414
-15.973
-13.762
-17.466
-14.785
-14.658
-18.461
-13.880
-15.567
-17.651
-13.842
-18.422
-15.783
-14.705
-15.606
-14.697
-18.463
-15.785
-14.705
-16.558
-12.837
-17.651
-14.794
-10.848
-23.042
-16.003
-11.858
-16.423
-16.640
-7.127
-7.127
;
; amp track 3 (harmonic 1)
; peak time 1108 ms
;
f542	0	128	-2
0
4
16
35
58
86
133
148
309
392
428
593
757
894
1165
1506
1722
1943
2143
2366
2617
2941
3296
3593
3896
4166
4339
4351
4380
4384
4393
3938
3340
2655
2174
1634
908
805
921
1305
1816
2305
2858
3500
4061
4418
4856
5267
5588
5892
6071
6279
6483
6620
6578
6548
6520
6363
6293
6212
6102
5886
5676
5512
5330
5138
4888
4618
4435
4368
4271
4184
4093
3989
3985
3962
3852
3786
3710
3566
3399
3269
3139
2943
2776
2626
2487
2361
2204
2037
1903
1791
1701
1571
1294
991
712
573
625
761
815
743
673
590
498
408
295
217
244
327
425
461
451
426
407
380
344
299
263
245
234
222
204
193
183
169
153
0
;
; frq track 4 (harmonic 1)
; Freq. diffs.
; 
f543	0	128	-2
0.116
11.116
0.640
-0.811
5.786
3.243
0.265
4.885
-3.466
-1.959
0.017
-1.793
-1.884
0.021
0.112
-0.836
-0.881
0.069
0.114
0.116
0.116
0.116
0.116
0.116
0.116
0.116
0.116
0.116
0.116
0.116
0.116
0.116
0.116
0.116
0.116
1.069
1.116
2.069
1.162
-0.786
0.073
0.114
0.116
-0.836
0.071
0.114
0.116
0.116
0.116
0.116
0.116
0.116
0.116
0.116
0.116
0.116
0.116
0.116
0.116
0.116
0.116
-0.836
-0.881
0.069
-0.838
0.071
0.114
-0.836
0.071
0.114
0.116
0.116
0.116
0.116
0.116
0.116
0.116
0.116
0.116
0.116
0.116
0.116
0.116
0.116
0.116
0.116
0.116
0.116
0.116
0.116
0.116
0.116
0.116
0.116
0.116
1.069
3.971
6.014
3.254
1.218
0.169
0.119
0.116
0.116
0.116
-0.836
-2.884
-5.741
-4.925
-2.981
-1.936
0.019
-0.841
-0.882
0.069
0.114
0.116
0.116
0.116
-0.836
-0.881
0.069
-0.838
0.071
0.114
-0.836
-0.881
-0.881
;
; amp track 5 (harmonic 2)
; peak time 1150 ms
;
f544	0	128	-2
0
4
34
68
99
85
80
131
193
227
298
438
493
560
772
886
906
744
567
512
689
963
1344
1854
2157
2253
2436
2490
2500
2510
2467
2191
1726
1375
1181
1089
1027
878
730
685
1062
1647
2213
2678
2946
3310
3682
3980
4236
4420
4510
4605
4767
5009
5311
5407
5244
4955
4512
4061
3580
2966
2467
1944
1309
789
676
962
1355
1710
2024
2324
2631
2893
3026
3222
3400
3504
3523
3385
3069
2759
2407
2134
1913
1656
1373
1071
821
656
564
479
316
138
67
237
534
1034
1445
1569
1524
1408
1259
1119
957
827
749
753
832
904
935
856
752
663
548
462
411
396
377
369
362
343
321
307
300
286
271
0
;
; frq track 6 (harmonic 2)
; Freq. diffs.
; 
f545	0	128	-2
-0.953
20.047
-0.906
-5.713
-4.037
3.662
6.885
-1.533
-0.981
-1.907
-0.047
-2.815
-3.953
-3.001
-2.003
-1.956
-1.954
-1.001
-4.765
-5.897
-4.046
-2.053
-1.006
-1.908
-1.953
-1.953
-1.953
-1.001
-0.956
-0.954
-1.906
-1.951
-1.953
-2.906
-2.951
-4.858
-3.953
-3.001
-6.765
-8.849
-4.187
-2.060
-1.959
-2.906
-1.999
-1.956
-1.954
-1.953
-1.953
-1.953
-1.953
-1.001
-0.956
-0.954
-0.953
-0.953
-0.953
-0.001
0.044
0.047
0.047
0.047
0.999
-0.861
0.003
5.759
6.985
3.234
1.151
1.051
1.047
1.047
1.047
0.094
1.001
1.044
0.094
0.049
0.047
0.047
0.047
0.047
0.047
0.047
0.047
0.047
0.047
0.047
1.951
1.090
-0.856
-0.949
-0.953
-10.477
-31.953
-6.239
-2.158
-1.011
-1.909
-0.999
-0.956
-0.954
-0.953
-0.953
-0.953
-1.906
-1.953
-1.953
-1.953
-1.953
-1.001
-0.956
-0.954
-1.906
-1.951
-1.953
-1.953
-1.953
-1.953
-1.001
-0.956
-0.954
-0.953
-0.953
-0.953
-0.953
-0.953
-0.953
;
; amp track 7 (harmonic 3)
; peak time 1338 ms
;
f546	0	128	-2
0
3
25
47
49
15
31
72
108
164
194
205
286
379
668
1089
1380
1770
2159
2461
2767
3083
3391
3537
3471
3415
3026
2402
1834
1273
1329
2074
3124
3978
4478
4471
4058
3679
3158
2831
2737
2752
2903
3098
3237
3198
3157
3043
3108
3322
3686
4193
4761
5491
6121
6530
6909
7094
7117
7181
7267
7393
7358
7437
7618
7317
6914
6608
6240
5850
5625
5507
5373
5384
5667
6001
6171
6364
6534
6653
6660
6629
6607
6572
6448
6247
6085
5855
5576
5289
4924
4460
4016
3701
3214
2560
2068
2073
2509
2913
2986
2903
2698
2393
2109
1802
1570
1435
1276
1100
948
787
659
560
486
425
369
338
304
279
264
253
239
218
189
161
139
0
;
; frq track 8 (harmonic 3)
; Freq. diffs.
; 
f547	0	128	-2
-0.419
-35.419
-2.085
-0.498
-5.184
-25.407
-9.228
2.019
-1.255
-1.411
-1.418
-0.466
-2.419
-2.419
-3.371
-2.464
-2.421
-1.466
-1.421
-0.466
-1.373
-0.464
-1.373
-1.416
-1.419
-0.466
-1.373
-0.464
0.532
2.484
4.482
1.719
-1.269
-1.411
-2.371
-1.464
-2.419
-2.419
-1.466
-1.421
-0.466
0.531
0.579
-0.371
0.536
0.579
0.581
0.581
0.581
0.581
0.581
1.534
0.627
0.584
0.581
0.581
0.581
0.581
0.581
0.581
0.581
0.581
-0.371
-0.416
-0.418
-0.419
-0.419
-0.419
-0.419
-0.419
-0.419
-0.419
-1.371
-1.416
-0.466
-0.421
-0.419
-0.419
-0.419
-0.419
-0.419
-0.419
-0.419
-0.419
-0.419
-0.419
-0.419
-0.419
-0.419
0.534
-0.373
-0.416
-0.419
-0.419
0.581
1.534
2.531
3.531
1.674
-0.319
-0.414
-0.418
-0.419
-0.419
-1.371
-1.416
-1.419
-1.419
-1.419
-1.419
-1.419
-1.419
-1.419
-0.466
-0.421
-0.419
-0.419
-0.419
-0.419
-0.419
-0.419
-0.419
-0.419
0.534
-0.373
-0.416
-0.419
-0.419
;
; amp track 9 (harmonic 4)
; peak time 1024 ms
;
f548	0	128	-2
0
0
10
26
24
13
24
34
70
120
149
225
204
255
424
617
706
813
873
986
1037
1187
1252
1310
1443
1561
1701
1884
2098
2387
2725
3128
3377
3383
3238
2950
2638
2459
2324
2452
2654
2757
2731
2704
2715
2768
3019
3260
3373
3442
3382
3151
2773
2284
1905
1443
951
674
545
642
648
578
398
203
201
244
305
343
580
771
1009
1302
1516
1656
1775
1987
2317
2422
2448
2440
2449
2523
2623
2799
2887
2916
2894
2822
2726
2604
2492
2286
2158
2008
1826
1590
1335
1122
971
884
841
813
754
674
615
584
521
452
372
268
187
162
216
224
237
244
224
203
190
173
165
136
124
102
92
78
76
0
;
; frq track 10 (harmonic 4)
; Freq. diffs.
; 
f549	0	128	-2
-1.023
-9.023
25.262
10.705
-0.465
7.575
15.577
23.577
-2.709
0.801
-0.936
0.886
-2.023
-2.976
-2.069
-1.073
-2.930
-3.019
-3.023
-1.118
-1.980
-1.069
-1.978
-1.069
-1.023
-1.023
-1.023
-1.023
-1.023
-1.976
-2.021
-2.023
-2.023
-2.023
-2.023
-2.023
-1.023
-1.023
-0.071
-0.026
-0.976
-0.069
-0.025
0.929
0.022
-0.021
-0.023
-1.023
-1.023
-1.023
-1.023
-1.023
-1.976
-2.021
-1.071
-1.026
0.881
2.877
2.020
-1.023
-0.071
-0.026
-3.833
11.224
9.084
-1.494
2.764
-0.843
-0.062
-0.025
-0.976
-1.023
-1.023
-1.023
-1.023
-1.023
-0.071
-0.978
-0.069
-0.978
-1.021
-1.023
-1.023
-0.023
-0.023
-0.976
-1.021
-1.023
-1.023
-0.071
-0.026
-0.976
-1.021
-1.023
-1.023
-0.071
-0.978
-1.021
-0.071
-0.978
-1.973
-2.021
-2.023
-2.023
-2.023
-2.023
-2.023
-2.976
-3.021
-4.928
-5.971
-6.021
-2.214
-2.032
-1.071
-1.026
-1.023
-2.928
-1.023
-1.976
-1.069
-1.025
-0.071
-1.930
-2.019
-1.071
-1.026
-1.026
;
; amp track 11 (harmonic 5)
; peak time 1024 ms
;
f550	0	128	-2
0
2
9
18
22
27
34
57
111
93
163
222
321
451
532
781
1007
1220
1406
1473
1388
1331
1399
1343
1100
1000
1107
1037
1014
1280
1468
1605
1635
1588
1612
1895
2433
2984
3465
3784
3622
3229
2958
2999
3339
3749
4184
4612
4774
4813
4679
4529
4467
4457
4545
4467
4338
4213
4143
4276
4326
4058
3618
3261
3006
2760
2693
2866
3059
3214
3351
3290
3173
3002
2880
2729
2543
2399
2315
2264
2148
1965
1949
1938
1986
1926
1874
1860
1901
1925
2035
2066
1968
1868
1891
1966
1996
1844
1596
1373
1232
1038
877
785
664
542
435
384
329
273
220
173
155
136
109
91
83
85
61
39
33
39
40
34
27
14
10
0
;
; frq track 12 (harmonic 5)
; Freq. diffs.
; 
f551	0	128	-2
-0.721
-4.721
4.803
8.114
4.462
8.097
-5.063
-2.832
0.131
-3.538
-5.617
-0.954
0.279
-2.578
-2.714
-2.721
-0.816
-1.678
-0.766
-1.675
-1.719
-2.673
-1.766
-1.723
-3.721
-3.721
-3.721
-3.721
-3.721
-1.816
-1.725
-1.721
-1.721
-0.769
0.229
0.277
0.279
-0.673
-0.719
-0.721
-0.721
0.231
1.229
2.229
0.372
0.284
0.279
0.279
-0.673
-0.719
0.232
0.277
1.231
0.324
0.281
0.279
0.279
0.279
0.279
0.279
-0.673
-0.719
-1.673
-0.766
-0.723
-0.721
-0.721
-0.721
-0.721
-0.721
0.231
0.279
0.279
0.279
0.279
0.279
0.279
0.279
0.279
0.279
-0.673
-0.719
-0.721
0.279
0.279
0.279
-0.673
-0.719
-0.721
-0.721
0.231
0.277
0.279
0.279
-0.721
-0.721
-1.673
-1.719
-2.673
-2.719
-1.768
-2.676
-2.719
-1.768
-1.723
-2.673
-2.721
-2.721
-2.721
-2.721
-3.673
-2.766
-2.723
-0.816
-1.678
-1.719
-0.768
-0.723
-0.721
-2.626
-1.764
2.087
0.365
2.188
-1.535
-3.617
1.046
1.046
;
; amp track 13 (harmonic 6)
; peak time 1254 ms
;
f552	0	128	-2
0
1
4
7
13
16
24
46
72
112
151
240
310
386
537
755
933
1063
1138
1174
1207
1278
1323
1215
1119
1117
1020
995
984
1030
1112
1150
1086
896
674
394
112
266
492
620
795
997
1067
1079
1032
879
828
787
768
723
812
939
1037
1167
1362
1719
2194
2558
2747
2829
2838
2785
2766
2807
2790
2717
2586
2504
2419
2346
2279
2169
2073
1983
1898
1815
1711
1604
1496
1419
1347
1301
1256
1205
1195
1183
1134
1159
1170
1148
1123
1063
1024
993
864
585
279
278
635
854
954
958
898
834
740
653
557
473
371
274
204
155
139
128
116
103
81
58
54
46
38
32
25
20
20
18
15
0
;
; frq track 14 (harmonic 6)
; Freq. diffs.
; 
f553	0	128	-2
0.349
-31.651
-8.794
13.247
-6.656
-2.842
-1.708
-3.559
-2.694
-3.606
-0.792
-3.515
-2.651
-2.651
-2.651
-1.699
-1.653
-1.651
-0.699
-1.606
-0.697
-0.653
-0.651
-0.651
-0.651
-1.604
0.256
-0.608
-0.649
-1.603
-1.649
-0.699
-0.653
-1.604
-1.649
-3.556
-20.651
-5.413
-3.735
-4.608
-2.744
-2.656
-2.651
-2.651
-1.699
-2.606
-1.697
-0.651
0.301
0.347
-0.604
-0.649
0.301
1.299
1.346
0.396
-0.601
-0.649
0.301
0.349
0.349
0.349
0.349
0.349
0.349
0.349
0.349
-0.604
0.303
0.347
0.349
0.349
0.349
0.349
0.349
0.349
0.349
0.349
0.349
0.349
0.349
0.349
1.301
1.349
0.396
0.351
1.301
0.394
0.351
0.349
0.349
0.349
0.349
0.349
-0.651
0.301
8.918
8.376
-0.221
-0.631
-1.603
-1.649
-0.699
-1.606
-1.649
-1.651
-1.651
-2.604
-1.697
-2.606
-3.601
-2.696
-1.701
-1.654
-0.699
-1.606
-0.697
-0.653
-2.651
-1.699
-0.701
-2.558
-1.694
0.252
-1.561
-0.694
-1.606
-1.606
;
; amp track 15 (harmonic 7)
; peak time 962 ms
;
f554	0	128	-2
0
1
7
13
23
40
51
73
83
109
118
179
285
369
449
511
551
524
526
501
591
752
970
1207
1464
1648
1860
1907
1853
1735
1571
1461
1634
1860
2167
2363
2273
2174
2004
1692
1334
1101
1462
2152
2850
3347
3606
3462
3162
2800
2440
2323
2568
2999
3283
3443
3471
3434
3401
3186
3019
2809
2748
2768
2758
2728
2614
2316
1946
1576
1203
859
679
698
990
1297
1507
1739
1931
2050
2150
2218
2217
2187
2176
2086
2015
1991
1941
1885
1801
1701
1585
1477
1386
1432
1558
1691
1651
1504
1327
1166
1010
868
768
646
552
484
408
314
229
137
101
115
106
91
68
61
58
58
45
36
55
53
51
46
46
0
;
; frq track 16 (harmonic 7)
; Freq. diffs.
; 
f555	0	128	-2
-0.047
-16.047
-11.285
-6.296
1.561
0.030
-5.757
-0.318
-4.821
-2.179
1.757
-1.865
-0.047
-1.951
-3.947
-1.185
-3.910
-3.088
-3.048
-3.999
-2.139
-1.099
-0.097
-1.001
-1.047
-1.999
-1.092
-1.049
-1.047
-0.094
0.904
1.904
0.999
0.003
-0.997
-1.044
-2.047
-2.047
-1.094
-1.049
1.811
4.804
2.089
0.055
-0.994
-1.044
-0.094
-0.047
-0.047
0.906
1.904
1.951
1.001
0.003
-0.044
-0.999
-0.092
-0.049
-0.047
-0.047
-0.047
-0.047
-0.047
-0.047
-0.047
0.906
0.951
0.001
-0.044
-0.046
-0.999
-2.047
-3.951
-3.090
-1.144
-0.099
-0.049
0.906
-0.001
-0.044
0.906
0.951
0.953
0.953
0.953
0.953
0.953
0.953
0.953
0.953
0.953
0.953
0.953
0.953
1.953
1.001
0.956
0.001
-0.997
-1.997
-2.044
-2.046
-2.047
-2.047
-2.047
-2.047
-2.047
-2.047
-2.999
-2.092
-2.049
-4.904
-5.992
-1.282
-1.058
-1.999
-2.044
-2.999
-3.047
-1.142
-0.099
-5.763
0.634
-0.966
-1.043
-1.046
-1.999
-1.999
;
; amp track 17 (harmonic 8)
; peak time 1296 ms
;
f556	0	128	-2
0
1
10
8
11
20
38
28
18
34
125
198
192
207
325
429
368
358
351
365
432
663
773
801
896
1232
1462
1520
1483
1335
1130
668
328
403
434
351
383
677
1049
1250
1282
1235
1112
842
551
443
613
595
316
297
651
1184
1642
1936
1967
1834
1712
1754
1940
2117
2362
2520
2574
2399
2133
1761
1546
1455
1530
1678
1761
1744
1794
1885
2011
2041
2079
2175
2242
2157
2006
1854
1778
1706
1618
1425
1262
1184
1086
956
913
876
873
790
710
672
613
553
561
590
561
500
460
395
345
291
230
198
188
142
86
57
44
44
54
60
58
52
45
41
38
40
31
24
23
13
3
0
;
; frq track 18 (harmonic 8)
; Freq. diffs.
; 
f557	0	128	-2
0.791
-4.209
-3.257
-10.831
-0.715
7.386
5.867
6.747
2.027
17.992
1.610
-4.885
-0.209
-0.209
-3.066
-0.345
-1.168
-2.160
-0.302
-2.118
-4.110
-1.347
-1.216
-1.210
-2.209
-0.305
-1.166
-0.255
-1.164
-0.255
-0.211
1.695
9.405
4.058
0.946
5.560
7.791
2.076
-1.053
-3.107
-4.157
-4.207
-4.209
-4.209
-6.114
-6.205
-0.495
0.791
4.600
5.734
1.979
-0.105
-0.204
-0.209
-0.209
0.743
0.788
1.743
1.788
0.791
0.791
0.791
-0.162
-0.207
-0.209
-0.209
-0.209
-0.209
-0.209
-0.209
-0.209
-0.209
-0.209
-0.209
-0.209
-0.209
-0.209
-0.209
0.743
0.788
-0.162
0.745
0.789
0.791
0.791
-0.162
-0.207
-0.209
-0.209
-0.209
-0.209
0.743
-0.164
-0.207
-1.209
-1.209
-2.162
-4.112
-3.252
-2.259
-2.212
-3.162
-2.255
-1.259
-1.212
-1.209
-3.209
-3.209
-2.257
-3.164
-4.159
-7.064
-6.250
-2.402
-3.171
-1.303
-3.118
-0.348
-5.209
-1.400
0.686
0.786
-0.162
-2.112
-1.252
-1.211
-5.971
-5.971
;
; amp track 19 (harmonic 9)
; peak time 1296 ms
;
f558	0	128	-2
0
0
3
8
22
32
41
50
71
103
79
69
94
200
294
375
460
558
633
634
636
638
621
654
694
650
472
251
161
379
709
1125
1437
1378
1003
479
463
685
522
500
1130
1787
1970
1619
947
537
1086
1641
1775
1605
1315
1143
1103
1000
770
967
1390
1542
1531
1474
1567
1833
2016
1984
1952
1929
1926
1810
1668
1511
1360
1248
1274
1350
1387
1395
1376
1375
1406
1337
1247
1154
1069
858
639
462
322
164
142
243
354
424
422
379
333
298
312
396
443
485
460
429
421
366
309
262
207
185
154
108
73
54
58
60
64
63
56
53
49
41
43
42
39
40
45
41
34
0
;
; frq track 20 (harmonic 9)
; Freq. diffs.
; 
f559	0	128	-2
-0.070
5.930
7.835
5.069
-0.777
-1.056
-2.974
-4.970
-3.160
-3.074
-2.118
2.690
-0.070
-1.022
-5.829
-2.249
-3.031
-2.116
-2.072
-2.070
-2.070
-2.070
-3.022
-1.163
-2.070
-1.117
-0.120
-0.072
9.454
-0.569
-3.903
-3.109
-3.072
-4.022
-2.163
5.545
0.930
-2.879
0.749
3.779
-1.791
-3.009
-3.067
-2.117
1.737
8.588
0.342
-2.070
-2.070
-1.117
-0.120
-0.072
0.883
0.928
2.835
1.973
-0.925
-2.968
-3.065
-1.070
-0.117
-0.072
-1.022
-0.115
-0.072
-0.070
-0.070
-1.022
-0.115
-0.072
-0.070
-0.070
0.883
-0.024
0.885
0.928
0.930
-0.022
-0.068
-0.070
-0.070
-0.070
-0.070
-0.070
0.883
0.928
2.835
-3.741
-5.006
-1.257
-0.126
-0.072
-0.070
0.883
2.930
3.883
1.071
-0.015
-1.020
-1.067
-2.974
-3.065
-2.117
-2.072
-2.070
-3.022
-3.070
-3.070
-3.070
-3.070
-4.975
-5.065
-3.165
-3.074
-2.118
-1.120
-2.025
-1.115
-2.070
-2.070
-2.070
-1.117
-2.024
-2.068
-0.165
-1.027
-1.068
-1.068
;
; source file ../data/Cello-arco-reference-1st/arco-ffG5.het
; via ../data/Cello-arco-reference-1st/arco-ffG5.asc
;
; number of harmonics (amp/frq track pairs):
; 10
;
; duration 2.053000 s
; avg. peak time 869 ms
; avg. release time 909 ms
; peak amp 14515 (track 1)
;
;
; amp track 1 (harmonic 0)
; peak time 782 ms
;
f560	0	64	-2
0
360
1063
2085
3279
2742
3328
4008
4273
6699
5842
6801
8277
7368
3979
7929
7806
8136
9855
12015
10459
9980
12090
11858
14434
12518
9349
9459
8429
5642
10424
10953
10440
10693
11108
8745
7857
7399
8292
10264
5171
4968
6106
7426
5394
3698
4984
3377
1772
2842
3088
3347
2689
2830
2646
1650
1237
1574
1546
1246
904
810
471
0
;
; frq track 2 (harmonic 0)
; Freq. diffs.
; 
f561	0	64	-2
8.952
259.952
-217.139
-201.048
275.074
-272.048
-271.078
280.709
282.952
257.740
-174.048
-224.472
231.697
240.952
290.407
-261.048
-275.593
276.693
290.952
253.134
264.952
-204.381
234.245
-219.048
-257.836
275.952
274.013
266.952
286.346
-206.642
-237.048
-223.472
237.952
255.407
-227.943
-260.048
-246.472
-244.048
-274.108
226.314
315.952
246.134
-244.048
-218.836
-277.223
-263.048
279.013
-243.048
251.498
-273.048
-248.805
-106.495
-233.048
-261.169
-250.048
-261.684
-265.915
-245.048
-246.017
-243.048
-230.442
245.092
279.952
279.952
;
; amp track 3 (harmonic 1)
; peak time 782 ms
;
f562	0	64	-2
0
263
614
612
1463
665
861
1252
3070
3587
1159
3246
2660
6376
3003
3940
6178
5018
3964
9334
5001
4301
3265
5279
10767
6904
9385
4994
4138
1649
9764
7877
3873
4257
4466
8392
3365
5130
2137
3504
7016
2900
6711
4705
2738
6734
2155
2956
5756
3855
2242
3053
1264
1728
1672
1272
1203
917
587
895
757
377
574
0
;
; frq track 4 (harmonic 1)
; Freq. diffs.
; 
f563	0	64	-2
45.476
40.476
30.779
30.476
60.537
-493.524
38.840
-420.179
29.476
58.567
-501.524
25.991
-511.720
56.476
7.022
64.476
46.052
42.585
22.476
52.537
62.476
44.052
-434.567
13.476
67.779
44.476
33.810
13.476
45.476
-207.615
60.476
50.779
54.476
68.052
0.585
60.476
20.719
26.476
-102.494
54.568
77.476
32.870
42.476
44.416
21.202
44.476
86.173
42.476
48.294
46.476
46.476
58.113
20.476
46.658
38.476
50.113
40.768
38.476
46.234
42.476
46.355
58.109
45.476
45.476
;
; amp track 5 (harmonic 2)
; peak time 1108 ms
;
f564	0	64	-2
0
129
231
336
359
899
1015
539
2328
2456
1693
4222
1264
2783
3439
2877
2554
3446
1939
3968
3746
3708
2529
4834
3026
4538
2692
4665
3010
2361
2451
3237
3442
2761
5263
2305
1548
4793
2561
3009
4115
4027
2623
1995
2553
2485
2421
1834
2137
1587
1147
1731
678
350
392
562
664
473
218
395
378
424
297
0
;
; frq track 6 (harmonic 2)
; Freq. diffs.
; 
f565	0	64	-2
100.810
-159.190
-182.463
-147.190
-149.130
-175.190
-162.584
-137.960
-125.190
-119.372
-147.190
-180.160
-178.250
-158.190
-139.766
-135.190
-150.706
-163.782
267.810
-129.766
372.810
-145.978
-170.427
-142.190
-142.190
346.810
338.082
-150.190
-169.584
382.555
-138.190
-148.857
-124.190
347.082
-117.667
-101.190
-133.190
-193.190
322.688
366.442
-93.190
-147.493
-159.190
-170.827
357.305
-186.190
-152.251
347.810
347.810
353.810
348.961
-113.731
394.810
-156.948
-184.190
338.476
-165.443
353.810
370.294
368.810
196.204
-134.845
-122.190
-122.190
;
; amp track 7 (harmonic 3)
; peak time 1010 ms
;
f566	0	64	-2
0
54
230
58
233
323
749
684
789
795
461
989
1982
639
927
770
1668
1353
603
1419
1067
2092
1905
1224
1127
1964
1756
1036
1528
984
1644
3083
2376
1636
2989
1619
2353
1872
1848
2728
2175
1657
1775
1680
1627
1406
305
506
544
532
733
541
435
134
112
194
117
219
66
118
100
90
65
0
;
; frq track 8 (harmonic 3)
; Freq. diffs.
; 
f567	0	64	-2
-8.619
-3.619
-7.498
-832.619
-111.165
-28.619
-15.043
2.823
31.381
-490.316
-381.619
-48.043
-15.632
-40.619
21.441
-4.619
-30.801
-22.867
-346.619
64.532
-496.619
-47.649
-35.984
26.381
94.260
-4.619
-34.680
7.381
4.472
6.323
41.381
-18.740
-41.619
-29.983
10.127
31.381
-21.952
-41.619
3.957
12.125
39.381
-13.952
-27.619
-38.286
-5.639
-2.619
-222.740
-507.619
-524.104
28.381
-53.074
-1.239
-38.619
33.138
-48.619
1.805
-511.576
-17.619
-517.013
-530.619
-497.649
-535.438
-535.619
-535.619
;
; amp track 9 (harmonic 4)
; peak time 847 ms
;
f568	0	64	-2
0
21
52
69
156
141
229
263
230
189
413
309
197
353
474
560
315
407
571
656
421
693
197
974
693
1049
1440
807
1034
600
796
616
380
895
842
737
523
480
728
396
748
518
814
680
695
675
693
584
464
299
369
384
190
107
102
71
52
84
31
56
77
33
23
0
;
; frq track 10 (harmonic 4)
; Freq. diffs.
; 
f569	0	64	-2
148.572
-168.428
-51.095
-58.428
-49.701
-130.428
-124.610
-102.131
-75.428
-609.731
-94.428
-106.065
-145.205
223.572
272.056
-101.428
-633.792
-133.076
-143.428
42.753
-71.428
-114.095
-928.964
-96.428
-34.368
-71.428
-119.913
-105.428
79.784
-55.210
-34.428
396.117
-197.428
365.966
-34.901
-132.428
411.572
-111.428
405.420
-14.312
33.572
335.147
365.572
386.905
-110.873
425.572
-92.247
-121.428
-132.095
428.572
390.753
-69.059
414.572
-105.186
444.572
-59.671
-273.739
-70.428
-152.853
-437.428
-106.762
-174.317
-176.428
-176.428
;
; amp track 11 (harmonic 5)
; peak time 782 ms
;
f570	0	64	-2
0
30
18
32
50
78
145
238
272
196
128
403
534
446
227
348
423
547
522
682
465
502
277
379
744
740
441
644
649
662
242
572
480
732
484
379
373
504
376
639
443
254
683
377
145
432
364
396
242
293
174
131
102
34
97
72
92
50
87
62
62
60
72
0
;
; frq track 12 (harmonic 5)
; Freq. diffs.
; 
f571	0	64	-2
-1.238
-6.238
-268.057
-521.238
-784.996
-22.238
-42.602
5.266
61.762
86.004
-475.238
-68.935
-44.017
18.762
-315.784
-130.238
-46.844
-30.742
-8.238
67.398
-12.238
-29.693
-48.646
-46.238
72.065
-3.238
-39.117
9.762
23.337
48.961
-19.238
9.853
-11.238
38.216
23.230
-17.238
10.883
-46.238
-85.996
44.678
33.762
24.065
-14.238
-24.905
-514.925
-2.238
75.337
-55.238
-15.480
-25.238
-0.996
1.678
45.762
-514.723
-13.238
-12.269
5.215
49.762
3.216
-11.238
9.125
-18.379
-6.238
-6.238
;
; amp track 13 (harmonic 6)
; peak time 521 ms
;
f572	0	64	-2
0
22
35
25
59
176
151
199
184
211
485
281
537
706
443
672
758
738
540
574
739
599
203
427
637
361
366
504
279
230
457
423
338
373
464
260
293
276
222
242
528
389
434
403
369
236
213
131
268
127
113
173
123
74
45
27
32
51
50
55
44
25
25
0
;
; frq track 14 (harmonic 6)
; Freq. diffs.
; 
f573	0	64	-2
83.952
33.952
385.952
-179.048
-69.472
324.952
315.255
366.355
341.952
342.922
273.952
-150.775
306.657
376.952
361.437
167.952
296.922
337.679
-189.048
-178.381
287.952
262.740
320.158
-202.048
-137.078
361.952
304.740
356.952
-92.987
-109.531
-155.048
280.346
333.952
-152.836
-153.042
-153.048
-166.624
-188.048
-190.957
-210.439
-163.048
-131.048
-182.048
-172.351
-128.421
-137.048
-164.199
-286.048
-182.290
284.952
311.134
-166.133
-212.048
294.134
-180.048
369.771
-117.811
-202.048
-165.199
-149.048
-132.563
-165.033
-176.048
-176.048
;
; amp track 15 (harmonic 7)
; peak time 749 ms
;
f574	0	64	-2
0
8
19
16
37
63
48
75
120
86
106
256
268
327
194
247
138
268
108
563
377
299
336
730
421
164
354
152
409
355
523
179
365
312
167
137
600
367
351
367
344
215
112
489
126
86
304
160
158
97
68
58
78
33
24
30
30
8
19
47
35
26
12
0
;
; frq track 16 (harmonic 7)
; Freq. diffs.
; 
f575	0	64	-2
59.476
-24.524
126.749
-1032.524
-248.039
-7.524
-1030.554
-464.222
24.476
-92.857
-438.524
-1.190
20.789
93.476
-439.857
74.476
173.385
-21.436
-460.524
100.931
100.476
-26.554
28.748
71.476
140.325
-91.524
39.385
-974.524
75.658
93.906
71.476
49.173
13.476
52.264
-118.197
183.476
74.870
10.476
54.112
69.980
83.476
67.961
46.476
25.143
-890.898
8.476
67.627
67.476
41.294
84.476
34.052
88.766
91.476
-418.584
188.476
89.567
-45.309
-1164.524
0.082
85.476
118.446
31.203
-366.524
-366.524
;
; amp track 17 (harmonic 8)
; peak time 782 ms
;
f576	0	64	-2
0
6
36
18
24
26
62
67
102
161
233
89
162
103
218
150
198
117
164
384
281
369
427
157
470
320
324
345
434
286
311
361
99
298
343
280
241
69
223
204
121
109
294
162
194
154
77
85
107
70
48
60
28
60
33
11
9
17
17
8
15
15
13
0
;
; frq track 18 (harmonic 8)
; Freq. diffs.
; 
f577	0	64	-2
-27.048
-319.048
-128.987
-79.048
-348.624
-612.048
180.194
-501.737
-262.048
-166.048
221.952
-169.806
234.323
91.952
-174.714
-263.048
-291.169
-343.415
-838.048
-239.745
268.952
-273.108
-289.535
-138.048
-139.987
201.952
236.861
214.952
267.316
329.994
-56.048
226.134
-901.048
263.558
-167.575
-145.048
260.286
-404.048
190.376
-196.944
341.952
146.073
194.952
-336.442
-261.393
309.952
312.861
-112.048
247.710
-238.048
-24.714
214.478
261.952
-240.351
-262.048
216.982
157.802
-138.048
225.588
-231.048
-223.290
46.521
-239.048
-239.048
;
; amp track 19 (harmonic 9)
; peak time 1336 ms
;
f578	0	64	-2
0
8
20
23
25
33
49
32
73
52
188
191
175
238
286
204
239
83
208
227
162
277
108
189
246
244
136
141
239
237
274
277
183
321
368
194
126
214
91
142
295
480
120
133
121
143
235
149
127
72
61
77
107
52
49
41
38
40
41
19
25
11
17
0
;
; frq track 20 (harmonic 9)
; Freq. diffs.
; 
f579	0	64	-2
3.619
24.619
-6.411
78.619
-113.381
28.619
-18.896
-81.427
-101.381
-889.745
20.619
-113.199
44.685
10.619
76.559
-24.381
-36.987
-88.763
17.619
6.953
-564.381
-49.472
-62.959
94.619
-391.199
-141.381
-35.684
-12.381
-1.714
158.609
126.619
38.377
106.619
54.255
95.335
20.619
-209.199
-28.381
35.619
42.407
119.619
41.074
6.619
-5.987
-136.308
152.619
88.619
0.619
-13.926
-63.381
-34.290
27.683
58.619
0.438
-16.381
-1.835
29.636
21.619
37.134
55.619
66.286
80.185
-89.381
-89.381
;
