; source file ../data/Viola.pizz.sulA/ppA4.het
; via ../data/Viola.pizz.sulA/ppA4.asc
;
; number of harmonics (amp/frq track pairs):
; 10
;
; duration 7.976000 s
; avg. peak time 62 ms
; avg. release time 125 ms
; peak amp 14304 (track 1)
;
;
; amp track 1 (harmonic 0)
; peak time 62 ms
;
f400	0	128	-2
0
14304
12614
11065
5422
4059
3809
2425
1956
1915
1537
1270
1361
1140
1059
1095
916
887
822
698
619
463
489
371
301
374
327
276
306
257
326
289
298
293
230
229
246
214
242
161
203
183
133
158
147
107
94
107
97
104
102
119
88
77
67
77
62
72
59
38
103
52
57
26
36
50
24
28
27
28
37
29
29
17
36
45
24
35
28
28
22
28
13
27
20
40
29
37
38
25
48
31
39
35
12
20
13
26
19
10
15
17
15
36
23
18
14
31
20
55
16
19
98
23
24
55
18
18
39
25
21
5
31
37
14
21
0
;
; frq track 2 (harmonic 0)
; Freq. diffs.
; 
f401	0	128	-2
185.535
202.535
101.170
-11.646
-71.500
-69.497
-12.465
-62.656
-74.278
-34.113
-45.285
-56.465
-49.576
-57.340
-55.495
-48.577
-57.465
-53.529
-37.720
-52.231
-63.287
-42.796
-38.465
-54.211
-84.969
-43.140
-31.650
-59.465
-65.370
-46.765
-38.597
-46.340
-42.465
-49.354
-58.320
-52.558
-46.562
-54.340
-47.465
-56.322
-44.653
-39.547
-56.197
-44.465
-40.529
-40.466
-80.814
-59.804
-30.465
-44.243
-72.017
-64.585
-73.324
-51.465
-55.402
-65.305
-53.653
-24.928
-54.980
-89.465
-13.687
120.373
-6.420
-75.353
220.535
181.170
132.323
-72.167
-54.746
259.535
180.805
-1.524
-2.450
-122.528
-74.244
2.535
86.186
-72.899
-101.012
-49.299
21.535
101.249
150.737
34.411
166.406
212.535
160.376
176.278
-73.437
217.837
88.535
236.154
171.576
246.329
78.246
111.991
25.535
190.868
350.953
8.065
11.480
149.535
102.297
173.388
135.152
114.862
345.535
240.233
147.038
68.797
214.190
79.704
74.535
76.503
290.090
138.972
230.066
169.535
-42.052
133.700
221.125
79.814
214.535
246.027
7.384
237.818
319.222
;
; amp track 3 (harmonic 1)
; peak time 62 ms
;
f402	0	128	-2
0
3302
2743
1909
981
565
402
363
385
318
310
307
319
220
189
157
135
116
105
108
92
75
94
82
55
55
58
43
46
38
41
37
39
44
37
47
34
36
33
26
28
37
41
36
25
23
49
23
16
22
19
37
34
14
33
28
11
14
28
11
20
19
18
17
24
39
16
17
26
10
37
35
20
18
39
28
13
32
10
25
10
14
10
10
13
13
9
16
16
28
18
10
26
33
7
17
18
13
19
18
10
13
16
22
29
20
8
24
26
19
16
18
23
23
32
45
16
19
14
17
21
5
22
23
38
27
0
;
; frq track 4 (harmonic 1)
; Freq. diffs.
; 
f403	0	128	-2
87.558
-453.442
-113.918
-254.180
-239.676
-549.446
-310.442
-580.093
-280.278
-495.963
-261.228
-156.442
-118.061
-209.960
-236.021
-401.768
-584.442
-595.267
-592.487
-568.823
-573.369
-506.520
-122.442
-157.870
-247.988
-138.212
-227.994
-208.442
-430.855
-530.829
-591.464
-574.712
-269.442
-392.458
-259.585
52.524
-602.871
-222.576
-460.442
-96.315
-329.678
70.110
-72.147
-5.442
-374.489
-370.506
109.811
-8.533
-451.442
-25.315
-58.900
-231.655
-56.271
-123.442
121.606
28.067
-172.212
-300.375
92.226
266.558
57.923
21.151
254.790
95.133
31.558
74.860
107.039
-22.355
125.179
96.558
147.733
16.672
24.433
8.810
58.753
166.558
95.701
77.846
51.975
140.136
47.558
170.574
-81.378
-85.377
-52.965
-79.442
185.288
173.744
63.339
60.602
-23.442
-63.791
30.045
-22.593
210.794
140.689
20.558
-19.791
70.108
28.234
125.982
9.558
44.003
168.549
141.003
148.438
173.558
14.130
179.885
100.833
154.690
197.862
118.558
-60.553
44.858
135.103
46.979
63.558
62.574
209.193
119.997
-15.260
-14.442
166.638
104.559
-53.886
-29.830
;
; amp track 5 (harmonic 2)
; peak time 62 ms
;
f404	0	128	-2
0
860
580
460
313
217
169
135
155
127
97
105
85
88
57
70
53
55
52
44
35
46
35
25
32
28
16
28
54
30
22
30
64
32
19
30
25
27
25
30
16
18
42
11
20
18
27
17
19
38
13
29
20
18
39
25
20
16
17
36
31
9
15
32
10
21
5
13
6
21
11
13
15
10
23
26
5
11
22
7
8
13
7
16
12
16
9
17
23
14
19
20
24
20
8
19
23
20
31
7
10
12
12
32
19
25
15
29
29
32
31
17
13
21
14
13
8
13
12
17
9
7
26
29
27
24
0
;
; frq track 6 (harmonic 2)
; Freq. diffs.
; 
f405	0	128	-2
24.512
-952.488
-769.441
-881.678
-1087.174
-1097.325
-934.488
-992.552
-253.410
-603.836
-517.875
-384.488
-732.869
-555.352
-1073.137
-602.086
-987.488
-845.774
-713.620
-603.268
-1053.231
38.897
-179.488
-388.123
-511.498
-134.568
-852.902
-443.488
-86.250
156.595
-431.995
-13.242
49.512
83.956
-516.799
8.046
-7.242
9.246
-382.488
-84.298
-425.977
-576.068
27.772
-460.488
-139.663
95.715
146.689
156.356
33.512
59.099
79.188
92.300
50.191
50.512
-20.346
74.974
24.328
-132.952
55.473
39.512
39.512
-88.425
-240.043
-50.545
-18.488
31.702
148.626
-6.979
-204.306
-72.488
-33.123
-125.006
-48.719
153.254
39.349
51.512
35.766
71.928
-98.736
-72.905
-18.488
-30.298
89.578
107.227
90.777
-13.488
31.781
56.119
64.378
61.557
-114.488
-61.346
-27.042
-56.021
-100.767
37.285
87.512
6.813
17.342
159.223
-93.414
-39.488
-152.663
123.064
52.647
68.260
-84.488
38.527
-97.298
-66.977
5.345
-95.856
89.512
135.766
-35.723
-64.032
94.947
103.512
-32.298
33.451
-23.569
154.637
-112.488
-67.219
1.405
-21.125
-105.133
;
; amp track 7 (harmonic 3)
; peak time 62 ms
;
f406	0	128	-2
0
2046
1134
645
467
341
217
134
93
56
68
38
48
47
42
32
26
31
25
26
23
18
15
16
29
26
14
17
26
22
14
28
19
32
25
24
37
22
28
23
19
15
19
25
33
17
13
22
29
16
33
14
21
23
11
39
22
10
10
10
21
17
23
13
22
13
7
10
19
12
16
19
8
17
15
13
21
17
8
9
10
7
7
17
5
15
6
24
9
18
24
12
14
14
12
10
21
34
38
15
7
9
11
14
11
15
14
14
19
7
19
10
11
20
30
36
8
24
9
10
6
10
24
23
27
27
0
;
; frq track 8 (harmonic 3)
; Freq. diffs.
; 
f407	0	128	-2
14.674
-80.326
-116.738
-472.586
-423.123
-272.751
-126.326
-408.770
-193.793
-766.095
-280.163
-1039.326
-818.881
-943.318
-621.516
-1515.900
-1407.326
-1107.167
-1182.117
-503.275
-789.706
-312.030
-1280.326
-106.262
-25.626
-172.949
-278.621
20.674
-191.897
-50.604
-531.568
-87.488
-140.326
-47.818
-82.762
42.652
126.325
-123.299
-2.326
-87.945
-48.954
-149.701
-15.490
172.674
33.912
94.694
-168.087
12.758
-88.326
37.643
48.499
168.735
-40.944
-24.326
-129.627
-27.965
-37.177
-100.307
106.341
-61.326
-69.199
-43.736
-11.840
107.746
155.674
58.246
-77.142
47.661
91.960
-145.326
-82.341
27.896
150.694
-51.071
-117.258
129.674
84.405
-80.663
88.939
-155.385
-136.326
-123.532
80.385
24.575
61.086
-45.326
-5.960
-87.018
-103.067
-0.972
20.674
6.897
107.059
231.665
-39.945
-85.589
-137.326
22.103
58.094
48.824
-78.276
10.674
93.341
-128.744
124.589
128.610
38.674
-43.008
1.949
184.726
-87.928
-148.351
-95.326
13.912
50.091
55.586
-71.279
-83.326
10.167
94.317
-13.585
5.369
-24.326
-89.278
-2.722
-39.729
6.922
;
; amp track 9 (harmonic 4)
; peak time 62 ms
;
f408	0	128	-2
0
672
261
152
103
75
51
66
51
40
44
36
29
22
28
25
37
34
41
22
21
12
34
27
10
17
21
8
24
11
47
27
13
27
42
19
26
23
17
18
18
14
21
17
20
20
31
23
12
19
21
11
19
12
12
13
8
14
16
11
7
15
19
27
18
13
11
15
11
10
6
16
20
16
13
18
9
10
5
27
14
13
7
19
8
4
10
10
12
11
12
4
13
13
5
12
9
28
17
10
11
12
12
14
11
13
5
17
13
20
18
11
15
11
21
17
8
16
9
15
8
4
10
10
32
8
0
;
; frq track 10 (harmonic 4)
; Freq. diffs.
; 
f409	0	128	-2
1.209
-218.791
-1058.251
-1662.052
-1726.747
-1719.901
-1696.791
-624.092
-894.430
-750.118
-70.748
-531.791
-1021.886
-1622.110
-791.193
-888.226
-22.791
37.241
-1.171
-833.368
-635.974
-806.048
-73.791
-284.394
-1103.578
-96.041
-64.303
-541.791
-219.981
-751.222
15.837
-79.257
-533.791
-11.219
-43.274
-28.037
128.681
-14.482
100.209
50.019
-50.175
-2.559
21.816
-178.791
136.130
38.779
40.187
86.463
-179.791
-109.918
148.049
102.937
117.967
-151.791
-81.918
-6.999
-125.874
151.732
-107.608
24.209
-124.394
112.390
-5.883
-45.157
-14.791
111.177
214.542
34.119
-141.951
-157.791
66.590
103.612
10.708
-5.529
-179.977
-18.791
-24.696
171.052
19.651
-16.212
85.209
13.368
-202.312
-34.498
97.087
-109.791
-139.315
51.137
79.748
-152.052
110.209
-73.823
-116.109
-246.685
-110.979
30.920
-190.791
37.527
13.595
67.342
107.561
106.209
-27.632
59.799
18.869
-157.939
186.209
172.431
111.197
6.892
-7.558
106.372
100.209
62.812
34.663
129.677
26.867
33.209
-61.267
69.106
-77.427
-43.341
142.209
193.384
-37.074
127.554
121.310
;
; amp track 11 (harmonic 5)
; peak time 62 ms
;
f410	0	128	-2
0
183
127
99
68
54
40
29
30
41
31
28
26
16
20
17
15
15
23
18
16
19
20
15
20
20
13
12
19
27
24
32
35
16
24
18
21
20
16
24
18
10
19
9
20
22
13
13
10
17
14
19
11
26
14
15
14
16
19
20
10
19
8
15
18
12
8
6
14
11
7
13
14
15
16
13
11
6
6
10
13
12
11
8
10
8
7
15
8
12
18
19
16
23
11
9
18
18
20
11
15
40
6
19
12
5
8
18
19
12
17
10
14
25
15
27
6
12
16
14
8
5
15
11
35
12
0
;
; frq track 12 (harmonic 5)
; Freq. diffs.
; 
f411	0	128	-2
-4.395
-2126.395
-2175.602
-2118.319
-2039.664
-1558.161
-1907.395
-1386.792
-1235.830
-20.005
-499.659
-444.395
-1155.919
-1739.975
-1235.531
-1093.683
-1220.395
-596.459
-300.174
-15.979
-116.770
-64.242
68.605
-361.459
-14.984
50.548
34.858
34.605
-22.475
-9.603
-154.065
121.166
89.605
-59.983
82.310
135.743
68.686
96.162
-89.395
-95.300
-51.108
-36.629
-7.859
169.605
136.145
-3.149
89.117
45.311
-351.395
48.160
-161.021
-67.897
-104.800
-49.395
-2.157
-158.868
135.851
-62.201
89.163
-112.395
-136.999
24.008
207.643
34.399
82.605
108.192
113.519
127.381
-37.732
78.605
150.446
-119.049
69.563
30.239
-24.512
-19.395
-83.364
134.097
-137.022
-4.532
-52.395
-73.062
15.181
-87.735
-36.226
88.605
178.160
-31.021
8.960
-47.485
38.605
28.763
-35.361
18.732
-36.504
99.413
168.605
-83.332
65.209
31.154
-53.037
-72.395
-56.649
-74.114
-99.978
126.945
24.605
-169.268
-102.473
35.381
-150.399
-133.665
-60.395
36.049
70.056
-108.515
-93.635
-154.395
42.430
14.062
73.644
158.240
72.605
-70.094
-111.724
-65.146
88.133
;
; amp track 13 (harmonic 6)
; peak time 62 ms
;
f412	0	128	-2
0
180
90
67
53
50
27
25
31
30
15
22
15
21
22
41
21
21
15
29
15
18
14
13
14
19
24
23
9
11
28
15
26
12
13
11
14
21
17
23
13
9
19
17
19
11
16
14
14
18
13
12
12
6
25
11
16
7
13
14
7
6
16
9
9
16
11
14
10
16
9
15
7
12
11
8
12
11
11
15
13
11
5
2
11
11
8
17
7
10
14
8
15
12
8
17
8
21
11
10
6
8
4
16
14
11
10
8
15
20
12
9
23
15
10
25
11
3
12
21
11
4
4
9
21
8
0
;
; frq track 14 (harmonic 6)
; Freq. diffs.
; 
f413	0	128	-2
-14.395
-1158.395
-2590.300
-2888.584
-2482.938
-1581.928
-2333.395
-1526.411
32.462
-677.937
-1678.261
-7.395
-1222.792
-846.465
-544.269
-20.838
126.605
-349.713
-600.353
68.812
80.417
-534.478
-171.395
51.017
-155.071
95.562
13.922
-85.395
-777.237
-189.869
-84.101
121.292
-3.395
78.287
-8.988
173.659
29.923
116.213
66.605
89.240
-141.671
142.029
-101.468
90.605
-113.110
44.070
-77.436
-74.444
-44.395
25.478
-104.302
73.733
134.623
57.605
105.827
-32.169
98.497
182.254
2.504
-66.395
66.462
-180.413
69.573
-40.618
45.605
33.795
0.147
-86.990
-75.579
-52.395
-15.983
51.516
20.111
154.438
-30.414
-198.395
115.541
51.635
-90.109
72.974
5.605
112.875
-187.550
-121.461
78.382
-21.395
118.351
-33.939
-48.166
-34.614
-81.395
82.954
22.579
-204.729
-47.924
87.422
-145.395
-26.316
-152.362
-172.077
-109.406
-125.395
11.398
-40.557
-103.382
88.510
113.605
124.430
27.173
-58.021
-81.024
-190.627
16.605
-119.205
37.084
12.993
-60.215
133.605
114.906
-82.216
13.068
-234.404
36.605
-216.316
-85.505
-69.651
7.363
;
; amp track 15 (harmonic 7)
; peak time 62 ms
;
f414	0	128	-2
0
110
70
54
39
39
23
22
17
23
20
14
12
12
23
20
21
14
12
13
13
9
20
12
14
17
16
29
7
12
19
16
13
8
21
14
16
27
25
23
24
21
11
7
19
10
10
10
24
7
17
19
10
15
24
14
19
8
5
11
22
10
9
13
14
15
11
12
10
15
6
11
10
13
12
11
9
9
12
4
14
3
6
8
9
10
7
10
7
7
12
13
7
16
3
12
25
11
10
9
6
14
14
14
11
4
6
8
15
7
10
10
13
13
21
6
10
12
12
9
4
7
9
11
13
7
0
;
; frq track 16 (harmonic 7)
; Freq. diffs.
; 
f415	0	128	-2
-2.279
-1510.279
-2525.898
-2990.781
-2636.001
-1289.989
-2658.279
-900.628
-1321.491
-825.282
-1090.993
-1099.279
-1405.343
-1156.296
71.911
-287.482
-61.279
-267.946
-173.798
-265.795
-224.938
4.028
-57.279
-438.136
-93.832
51.379
44.827
10.721
106.181
60.458
-39.664
57.159
88.721
-76.612
42.795
-81.278
-61.596
0.716
-91.279
77.991
72.805
-79.817
-59.605
-160.279
8.007
51.027
124.535
169.004
-32.279
0.197
-28.811
-188.700
-181.397
-106.279
-15.739
-35.953
-3.798
61.665
44.006
67.721
15.562
-16.758
143.142
36.442
82.721
-21.596
-74.427
-27.043
109.518
-67.279
66.562
-41.536
-35.378
84.783
75.865
78.721
-4.930
39.996
-109.862
91.474
-7.279
-26.962
45.551
-7.425
-148.996
-39.279
-161.311
-100.264
124.102
91.251
113.721
114.705
-195.279
-78.168
182.516
-87.917
-17.279
12.245
52.078
3.504
44.067
87.721
-108.120
99.374
114.477
-12.235
148.721
73.927
32.391
-66.681
46.889
164.819
-33.279
-64.771
-140.065
-225.895
100.457
17.721
-131.866
43.886
-159.991
-50.052
-186.279
123.721
151.277
102.508
-45.885
;
; amp track 17 (harmonic 8)
; peak time 62 ms
;
f416	0	128	-2
0
72
63
47
43
22
20
14
14
28
12
16
19
14
12
8
29
16
18
11
14
9
13
18
21
14
22
15
9
27
14
18
20
13
17
11
26
15
20
16
18
5
20
8
14
18
19
10
18
10
10
11
10
13
13
7
8
18
8
14
17
9
9
3
10
5
6
8
15
13
7
8
10
7
9
6
12
8
10
4
6
10
9
8
4
16
4
13
13
10
5
13
10
8
8
5
14
16
18
8
7
10
10
14
6
10
8
23
15
19
8
6
12
15
18
13
6
10
13
18
12
3
7
23
8
3
0
;
; frq track 18 (harmonic 8)
; Freq. diffs.
; 
f417	0	128	-2
1.791
-3621.209
-3070.098
-2365.573
-707.945
-2967.760
-1734.209
-2267.606
-612.898
68.796
-1904.384
-598.209
45.410
7.404
-105.390
-1217.276
48.791
-33.876
58.304
87.323
33.656
-914.910
101.791
75.219
73.813
-1.987
13.540
105.791
141.219
40.417
-35.977
35.636
40.791
-75.336
-14.195
-56.526
-133.960
64.588
93.791
-26.273
0.361
-22.835
17.146
33.791
-120.717
106.132
-41.823
135.924
-106.209
57.156
-84.918
96.859
175.522
-19.209
60.505
-57.309
-29.655
-76.454
24.168
168.791
-118.574
122.896
-17.938
-57.570
-93.209
-93.209
18.981
-9.746
-89.916
-86.209
39.759
-104.876
-113.077
82.634
67.042
-148.209
25.981
60.238
169.036
-36.888
29.791
-23.352
46.662
69.424
-85.707
67.791
56.965
-74.095
13.380
55.118
-158.209
-3.701
52.878
72.475
8.817
-18.764
-136.209
31.092
89.843
-25.351
69.265
52.791
-13.146
-84.065
106.714
34.948
34.791
31.838
-87.288
88.948
138.984
29.556
-50.209
-49.225
-8.860
51.812
-25.955
-40.209
20.807
67.045
71.715
-20.718
-60.209
17.537
43.374
31.975
-4.619
;
; amp track 19 (harmonic 9)
; peak time 62 ms
;
f418	0	128	-2
0
79
46
34
26
19
14
25
16
17
20
20
14
16
15
20
30
12
15
11
25
9
7
15
19
14
14
10
26
11
17
7
21
12
19
9
17
11
18
18
13
17
11
17
16
17
14
10
6
7
7
13
15
12
14
10
14
15
20
7
9
8
12
5
10
5
12
4
8
7
11
10
15
6
7
12
6
11
11
10
6
7
8
8
8
13
10
9
7
6
6
5
7
12
7
5
8
20
10
17
8
12
15
23
6
9
6
19
10
19
10
6
7
14
8
9
9
15
8
11
7
3
10
14
9
13
0
;
; frq track 20 (harmonic 9)
; Freq. diffs.
; 
f419	0	128	-2
-3.209
-1466.209
-3564.368
-3804.339
-3380.053
-2989.509
-3280.209
-481.352
-1310.831
-214.886
47.558
-16.209
10.362
0.942
12.603
-69.879
12.791
62.981
118.889
-162.668
-122.852
122.828
-66.209
63.695
-58.243
65.790
-179.257
-30.209
-43.987
98.493
47.611
-27.990
-136.209
-89.956
-134.491
-187.357
69.646
6.804
42.791
-123.527
-142.897
43.780
56.584
122.791
-45.495
70.913
58.983
-131.143
-102.209
172.362
74.371
-25.597
-64.581
-138.209
90.108
46.494
93.040
142.985
31.587
-168.209
21.727
-35.290
-86.385
138.168
-15.209
-199.241
-48.639
116.133
-51.506
-197.209
-70.257
-110.560
12.801
64.949
-82.826
-126.209
-87.829
107.638
130.423
57.959
144.791
18.822
-3.844
39.098
-28.125
-15.209
85.171
-155.331
75.074
-11.808
3.791
-207.797
144.115
-30.395
-65.641
-161.661
140.791
-78.670
14.291
-76.741
-174.630
35.791
14.140
-67.886
212.272
96.655
-167.209
-36.321
87.789
115.346
-93.835
-19.410
-149.209
141.108
75.843
92.521
-75.500
44.791
123.521
-90.753
-38.060
-107.096
46.791
15.298
211.624
38.582
74.216
;
; source file ../data/Viola.pizz.sulA/ppG6.het
; via ../data/Viola.pizz.sulA/ppG6.asc
;
; number of harmonics (amp/frq track pairs):
; 10
;
; duration 4.570000 s
; avg. peak time 442 ms
; avg. release time 522 ms
; peak amp 60 (track 1)
;
;
; amp track 1 (harmonic 0)
; peak time 72 ms
;
f420	0	64	-2
0
59
22
13
5
6
5
3
3
3
6
6
3
3
3
6
2
3
2
4
1
5
2
2
1
2
3
1
1
1
4
3
1
1
2
1
3
1
5
5
2
2
3
2
2
3
2
3
1
2
2
4
4
1
1
2
2
3
2
2
3
1
2
0
;
; frq track 2 (harmonic 0)
; Freq. diffs.
; 
f421	0	64	-2
74.095
-650.696
-898.913
-918.627
-51.336
-201.786
-102.696
-207.430
200.601
-167.717
297.004
183.691
-219.546
245.982
-282.462
-213.838
316.624
-302.466
302.573
-42.193
-218.423
-271.412
315.824
511.581
193.067
113.220
279.414
9.891
-732.979
144.733
44.907
111.162
-473.437
525.032
-203.386
84.000
-358.670
87.526
-53.913
53.081
-52.419
-303.823
-415.334
-333.218
300.174
50.138
85.110
-252.155
651.636
679.700
543.920
-475.546
130.037
-260.406
-363.014
101.552
382.190
357.783
187.494
59.695
-73.035
-466.812
80.388
80.388
;
; amp track 3 (harmonic 1)
; peak time 72 ms
;
f422	0	64	-2
0
9
5
3
5
3
1
1
2
2
2
2
4
2
2
2
1
2
2
1
1
1
2
1
1
1
2
1
1
1
3
3
1
1
4
1
3
1
1
2
1
4
1
1
1
1
3
4
2
1
3
4
1
1
1
2
3
3
1
1
4
1
1
0
;
; frq track 4 (harmonic 1)
; Freq. diffs.
; 
f423	0	64	-2
10.048
-583.591
-1658.668
-516.046
-241.681
-242.935
-341.185
-860.636
28.988
-231.287
385.669
-662.194
263.959
-195.023
-110.148
144.864
-662.580
-477.175
-205.775
-38.660
-362.393
-666.389
336.917
120.154
228.010
216.214
127.545
244.402
-229.600
183.233
-342.153
-404.080
-495.381
585.820
-16.972
29.732
-187.887
683.501
-11.168
207.877
-321.496
-275.255
729.891
-444.861
-474.534
187.402
358.235
292.967
-0.681
437.871
-249.587
115.900
-705.806
246.633
458.091
-131.646
6.166
-395.634
-430.462
-311.309
-180.791
-520.386
-712.250
-712.250
;
; amp track 5 (harmonic 2)
; peak time 3409 ms
;
f424	0	64	-2
0
3
2
1
1
1
2
2
1
2
2
2
1
2
2
3
1
2
1
1
1
2
1
1
1
1
2
1
1
1
2
1
3
1
3
1
2
1
0
1
2
1
2
1
2
1
1
4
1
1
0
2
3
1
1
1
1
1
0
0
2
1
1
0
;
; frq track 6 (harmonic 2)
; Freq. diffs.
; 
f425	0	64	-2
18.429
-2423.182
-2305.876
-2293.742
120.424
-665.502
-96.597
-221.808
-34.838
157.717
456.025
775.923
461.292
269.822
54.462
-3.927
243.938
-166.996
333.381
20.250
209.760
49.931
-584.634
-201.368
467.585
-414.152
-97.491
336.319
-617.698
116.094
13.324
394.066
181.419
-81.863
-31.977
-18.938
567.174
59.723
362.169
241.819
-28.760
-682.166
-191.482
-561.158
-266.718
-370.644
-311.245
-312.553
-410.804
-434.241
-158.343
-349.874
10.283
753.955
-183.173
141.851
-368.204
-493.054
224.325
204.001
-721.536
11.772
-244.956
-244.956
;
; amp track 7 (harmonic 3)
; peak time 290 ms
;
f426	0	64	-2
0
2
2
1
3
2
1
1
1
1
2
2
2
2
1
2
1
1
1
1
1
1
1
1
1
1
0
2
1
1
2
2
1
1
2
1
2
0
1
1
1
0
1
1
2
2
1
2
1
1
1
1
1
1
1
1
1
1
1
1
2
1
1
0
;
; frq track 8 (harmonic 3)
; Freq. diffs.
; 
f427	0	64	-2
119.143
-2604.496
98.016
116.877
250.382
324.104
-193.283
381.054
6.688
-460.280
192.748
-311.751
-198.060
-75.314
-426.905
628.416
-147.922
8.730
236.929
47.479
50.106
-346.680
191.562
57.908
562.917
-330.277
-490.348
131.386
-181.056
-170.013
389.385
-323.812
-396.801
609.963
47.974
-291.300
465.484
-237.067
-23.860
120.088
747.309
-487.085
599.834
628.340
-20.715
82.243
368.091
-380.316
-325.404
-102.990
245.331
118.923
-318.534
340.856
22.122
-321.024
211.152
376.486
426.439
-91.273
544.193
309.747
196.735
196.735
;
; amp track 9 (harmonic 4)
; peak time 72 ms
;
f428	0	64	-2
0
2
1
2
2
1
1
0
1
1
1
1
1
1
1
1
1
1
0
1
1
1
1
1
1
1
1
1
1
1
2
1
1
1
1
0
1
1
1
1
1
1
1
1
1
0
1
1
1
0
1
1
1
0
1
1
1
1
1
0
1
0
1
0
;
; frq track 10 (harmonic 4)
; Freq. diffs.
; 
f429	0	64	-2
20.905
-837.012
-1869.024
-191.719
-29.660
-101.089
-143.890
-1987.134
-103.165
-221.430
203.923
321.252
434.708
-703.046
-118.331
122.131
-182.800
-120.840
77.117
-231.404
-505.238
215.600
-148.960
99.895
-487.547
-660.657
609.136
60.630
-114.171
-485.860
-232.239
233.347
-193.083
-167.456
-299.379
596.665
214.291
624.354
-175.825
207.118
-16.939
71.416
238.551
40.484
-593.170
-66.919
-309.269
-103.000
-302.476
-593.989
-49.435
106.706
259.598
361.470
221.838
19.751
495.503
47.524
-83.253
384.722
74.277
-488.250
-527.542
-527.542
;
; amp track 11 (harmonic 5)
; peak time 72 ms
;
f430	0	64	-2
0
2
2
1
2
1
1
0
1
1
1
1
1
0
1
1
1
1
1
0
0
1
1
1
0
1
1
1
0
0
1
1
1
0
1
0
1
1
0
1
0
0
1
1
1
1
0
1
0
1
1
0
1
1
1
1
1
1
1
0
1
1
1
0
;
; frq track 12 (harmonic 5)
; Freq. diffs.
; 
f431	0	64	-2
40.190
-1600.698
98.330
-194.683
-649.012
287.007
264.815
525.519
170.199
370.371
14.223
-166.268
-132.754
333.068
563.938
-221.680
81.914
-8.270
78.962
443.910
-554.744
277.740
535.560
397.091
-494.689
44.595
339.873
-51.300
-656.755
-119.378
-188.853
40.954
-237.953
-217.104
594.333
-264.614
227.263
435.329
-254.100
-526.146
-833.480
919.802
9.019
230.939
-55.771
324.479
757.007
279.910
79.826
-206.772
225.027
199.549
-267.649
-94.252
80.274
144.289
212.275
133.412
334.360
32.688
533.142
-69.824
-112.213
-112.213
;
; amp track 13 (harmonic 6)
; peak time 72 ms
;
f432	0	64	-2
0
2
1
0
1
1
0
0
1
1
1
0
1
0
1
2
1
1
1
1
0
1
1
0
0
1
0
0
0
0
1
1
1
0
1
1
1
1
1
1
1
1
2
0
0
1
1
1
1
1
1
1
1
0
1
1
1
0
1
0
1
1
1
0
;
; frq track 14 (harmonic 6)
; Freq. diffs.
; 
f433	0	64	-2
60.714
165.241
431.222
-1157.904
396.916
271.480
419.543
-130.538
-78.745
49.902
-221.637
-71.402
373.190
607.124
-605.211
-60.627
-183.555
111.405
108.751
-263.792
-22.682
466.922
-584.478
-465.634
-378.734
537.805
253.717
194.495
135.273
76.052
628.161
-423.475
-12.853
357.498
-516.662
-73.763
151.541
601.052
-407.087
90.692
-384.592
142.856
284.716
519.111
-220.864
-441.083
146.172
-512.016
223.981
-310.755
120.564
244.962
41.446
-206.790
344.193
529.109
-13.015
-480.128
777.008
56.996
476.801
293.867
96.494
96.494
;
; amp track 15 (harmonic 7)
; peak time 145 ms
;
f434	0	64	-2
0
1
2
1
1
1
1
1
1
1
1
1
1
1
1
1
0
0
1
1
1
1
1
1
1
1
1
1
1
0
1
1
0
1
1
1
1
0
0
1
1
1
1
1
1
1
0
0
1
0
1
1
1
1
1
1
1
1
1
0
1
0
1
0
;
; frq track 16 (harmonic 7)
; Freq. diffs.
; 
f435	0	64	-2
-42.952
-1859.369
-383.525
111.081
139.254
16.772
406.081
-363.118
47.481
66.776
86.492
567.276
-538.795
-185.894
-196.799
130.819
-622.344
497.503
-379.599
-308.942
-90.035
-191.105
108.823
307.453
66.826
545.309
50.973
365.616
-190.293
-221.513
709.813
-592.608
-905.148
645.212
-587.235
423.574
-151.848
-455.401
-100.944
-222.527
419.012
-2.090
-1.954
400.705
-150.193
79.575
-276.910
-561.938
-96.075
663.352
-501.149
508.823
377.740
-423.665
-430.753
-514.769
637.587
608.857
140.643
189.667
100.307
-498.096
-256.356
-256.356
;
; amp track 17 (harmonic 8)
; peak time 72 ms
;
f436	0	64	-2
0
2
1
1
2
1
1
1
1
1
1
1
1
1
1
1
1
1
1
1
1
1
1
1
1
1
1
1
0
1
1
1
1
1
1
1
1
0
1
1
1
1
1
1
1
1
1
1
1
1
1
1
1
1
1
1
1
1
1
1
1
1
1
0
;
; frq track 18 (harmonic 8)
; Freq. diffs.
; 
f437	0	64	-2
-105.523
75.921
-507.101
-249.156
-105.568
42.393
176.693
-221.909
362.027
-187.779
30.333
-274.233
185.525
265.231
75.153
91.029
-47.571
-483.251
-42.728
-242.885
-181.390
-505.396
-239.271
420.881
-310.909
-390.403
134.686
536.812
717.390
374.309
-172.131
-345.088
-403.867
-465.653
299.911
525.132
16.639
-513.588
298.045
-265.645
610.142
-301.834
204.348
-103.842
-307.653
305.213
613.784
-81.728
284.170
298.278
-215.063
-640.531
371.956
133.830
-477.309
-436.104
-575.594
-438.389
206.396
16.816
312.314
-269.145
227.481
227.481
;
; amp track 19 (harmonic 9)
; peak time 145 ms
;
f438	0	64	-2
0
1
2
1
2
1
1
1
1
1
2
1
1
2
1
1
1
1
1
1
1
1
1
1
1
1
1
1
2
1
2
2
1
0
1
1
1
1
1
1
0
1
1
1
1
0
1
1
0
1
1
1
1
1
0
1
1
1
1
1
1
1
1
0
;
; frq track 20 (harmonic 9)
; Freq. diffs.
; 
f439	0	64	-2
-67.810
598.802
-362.725
-590.600
-73.379
540.544
6.241
-467.143
-603.956
596.286
298.576
37.862
222.976
-74.432
-88.610
-331.955
415.661
-374.550
-295.917
10.558
-160.401
-87.854
41.370
-186.394
-446.483
565.931
43.896
74.756
-297.328
-196.233
34.686
7.572
567.420
-472.167
-162.531
-130.706
429.303
419.468
-342.083
221.320
284.304
-361.614
481.318
-348.437
151.154
-445.016
-553.747
-278.684
-517.094
112.325
-361.464
-395.333
-388.988
71.702
-690.344
67.517
-366.581
-32.228
-333.565
-458.296
-365.122
-86.653
88.721
88.721
;
; source file ../data/Viola.pizz.sulA/ffA4.het
; via ../data/Viola.pizz.sulA/ffA4.asc
;
; number of harmonics (amp/frq track pairs):
; 10
;
; duration 6.785000 s
; avg. peak time 63 ms
; avg. release time 117 ms
; peak amp 23723 (track 1)
;
;
; amp track 1 (harmonic 0)
; peak time 53 ms
;
f440	0	128	-2
0
23723
16948
11978
7894
6021
5281
4602
3319
2316
1814
1492
1265
971
926
863
777
573
504
486
519
463
441
426
442
413
352
346
340
362
315
273
248
256
282
255
232
201
202
213
211
182
158
144
135
144
143
128
115
112
110
114
106
102
100
94
89
84
83
86
77
72
66
64
65
64
63
54
56
47
54
50
46
42
41
42
42
39
36
35
35
34
33
28
25
52
40
27
25
19
19
19
19
17
19
20
15
16
11
15
15
15
15
15
13
14
10
10
14
10
8
9
11
12
6
12
9
13
10
6
5
6
3
5
2
3
4
0
;
; frq track 2 (harmonic 0)
; Freq. diffs.
; 
f441	0	128	-2
238.581
146.581
53.581
11.378
214.581
-33.733
0.581
34.581
12.007
-8.419
-15.289
8.581
99.859
191.581
293.581
274.933
121.581
96.063
233.581
3.915
11.581
-0.419
-6.307
5.581
15.396
-0.419
-16.122
-11.419
7.581
21.322
4.581
-18.974
-22.419
1.137
23.581
16.581
-5.011
-20.419
-10.604
10.581
19.415
3.581
-4.419
-9.326
-1.419
4.470
12.581
7.674
-3.419
-5.419
-2.474
2.581
7.489
11.581
8.637
-1.419
-10.419
0.378
3.581
13.396
5.581
-18.956
-9.419
-0.419
10.378
3.581
-4.270
-13.419
-2.622
-8.419
9.581
2.711
0.581
-14.141
-12.419
3.285
7.581
6.581
-7.159
-4.419
-2.456
2.581
11.415
4.581
-4.419
-45.641
8.581
3.674
38.581
-0.678
4.581
3.581
8.489
16.581
20.507
25.581
-11.715
4.581
-7.419
4.359
30.581
-7.696
-8.419
-1.548
-3.419
26.581
10.878
-26.419
24.618
-4.419
-5.419
0.470
18.581
15.637
381.581
18.433
60.581
28.581
19.748
0.581
3.526
265.581
189.026
47.581
307.581
241.822
40.581
40.581
;
; amp track 3 (harmonic 1)
; peak time 53 ms
;
f442	0	128	-2
0
5116
1767
1742
1505
1108
983
920
734
507
398
301
267
258
261
248
224
187
176
164
138
121
130
127
114
111
89
71
55
47
44
41
40
39
36
35
35
34
34
34
32
31
29
26
23
28
25
23
20
20
19
18
18
15
16
14
14
13
12
11
10
10
9
8
9
8
9
8
7
8
7
7
6
6
6
6
6
6
5
5
5
5
5
4
4
8
5
4
4
3
3
3
3
4
3
3
3
3
3
3
3
3
2
3
4
3
2
5
5
2
3
4
2
2
4
2
2
2
4
1
3
1
2
5
1
2
2
0
;
; frq track 4 (harmonic 1)
; Freq. diffs.
; 
f443	0	128	-2
562.535
470.535
87.535
276.961
235.535
261.053
327.535
201.535
214.294
362.535
215.313
357.535
277.053
242.535
274.535
305.942
296.535
288.683
312.535
309.590
222.535
545.535
533.757
487.535
445.331
471.535
381.239
465.535
23.535
-66.761
-122.465
-119.521
-112.465
-114.428
-116.465
-116.465
-120.391
-113.465
-114.447
-109.465
-110.447
-113.465
280.535
234.405
-20.465
233.739
146.535
316.331
-104.465
242.535
197.387
-114.465
16.072
-116.465
-109.595
-20.465
-65.465
-110.613
-105.465
-112.335
-108.465
-128.095
-118.465
-117.465
181.887
-117.465
0.313
-78.465
-34.298
105.535
-93.465
157.794
-99.465
-96.521
-106.465
-106.465
-9.465
82.535
-114.743
-115.465
-64.428
-76.465
58.979
184.535
5.535
-160.335
-113.465
199.627
234.535
360.165
111.535
-66.465
192.646
453.535
396.609
-33.465
304.165
486.535
133.535
389.702
358.535
262.350
-123.465
269.127
522.535
504.535
134.516
449.535
584.979
-5.465
650.535
511.165
7.535
-13.076
651.535
174.535
281.535
331.535
541.572
709.535
364.053
449.535
596.757
472.535
644.535
391.313
373.535
373.535
;
; amp track 5 (harmonic 2)
; peak time 106 ms
;
f444	0	128	-2
0
1977
2632
2342
2148
1519
836
488
391
272
160
89
78
87
86
83
87
87
89
85
81
62
56
59
71
79
75
58
54
52
46
42
30
23
25
20
17
21
23
14
21
19
14
11
10
9
10
7
7
6
7
6
5
5
5
5
5
5
5
5
4
5
4
5
4
4
4
3
3
4
3
3
3
4
3
3
3
3
3
3
5
3
2
2
2
5
3
2
2
3
2
1
2
2
1
3
2
2
3
2
3
2
2
2
2
2
2
3
3
3
1
2
3
1
4
3
2
1
2
1
2
2
1
3
1
1
1
0
;
; frq track 6 (harmonic 2)
; Freq. diffs.
; 
f445	0	128	-2
682.814
562.814
618.814
628.629
616.814
578.536
549.814
326.814
584.944
633.814
433.592
-68.186
74.129
158.814
333.814
480.055
577.814
581.740
588.814
615.314
616.814
493.814
323.036
572.814
587.536
593.814
580.073
554.814
569.814
590.425
612.814
585.333
540.814
364.147
582.814
516.814
334.258
561.814
577.518
259.814
598.425
611.814
461.814
-0.464
32.814
252.666
228.814
-412.093
168.814
-136.186
-181.334
-430.186
-429.205
-201.186
-422.019
-428.186
-427.186
-110.167
-208.186
-117.890
-16.186
-185.982
-6.186
-128.186
55.351
-117.186
-244.779
-403.186
-318.779
201.814
411.814
-425.390
311.814
479.647
-270.186
231.351
125.814
449.814
433.129
364.814
542.462
98.814
536.555
253.814
-15.186
615.906
47.814
155.777
434.814
674.295
750.814
343.814
351.666
490.814
176.740
659.814
433.092
648.814
651.814
724.444
663.814
339.925
685.814
581.777
809.814
623.814
535.481
486.814
692.925
535.814
613.814
609.888
724.814
581.518
641.814
600.592
620.814
475.814
624.999
711.814
592.073
747.814
550.536
691.814
614.814
812.092
724.814
724.814
;
; amp track 7 (harmonic 3)
; peak time 106 ms
;
f446	0	128	-2
0
834
1188
674
335
396
372
267
144
96
98
67
40
40
40
25
21
19
22
24
22
16
14
12
12
12
12
11
10
11
10
10
9
10
8
8
6
6
6
6
6
5
5
4
4
4
4
3
5
3
3
3
3
3
3
5
3
3
3
3
3
3
3
4
3
2
2
3
5
4
3
2
2
2
2
2
2
2
2
2
2
2
3
1
2
3
2
2
1
2
4
2
2
2
2
2
4
1
2
1
1
2
3
1
2
1
2
3
2
2
1
3
2
3
2
2
6
1
3
1
2
3
1
1
1
1
2
0
;
; frq track 8 (harmonic 3)
; Freq. diffs.
; 
f447	0	128	-2
650.070
330.070
509.070
428.588
134.070
546.292
699.070
619.070
292.236
175.070
697.218
397.070
176.236
299.070
598.070
-74.245
-233.930
119.403
125.070
112.311
34.070
38.070
-231.838
-274.930
-777.449
-498.930
-504.819
-432.930
-496.930
-223.097
-425.930
-405.319
-321.930
538.829
-696.930
-631.930
-908.708
-908.930
-894.208
-903.930
-902.949
-905.930
-887.930
-630.782
-814.930
-685.375
-818.930
-893.523
477.070
-905.930
-448.560
-788.930
-597.541
-314.930
-526.930
423.070
-608.930
-37.708
-261.930
-288.430
-114.930
298.274
151.070
585.070
405.459
-226.930
-511.560
738.070
711.570
605.070
738.070
-251.264
566.070
134.218
360.070
273.699
139.070
629.070
732.125
482.070
245.533
716.070
657.181
-105.930
663.070
361.755
662.070
643.422
588.070
667.570
680.070
646.070
665.699
494.070
678.588
528.070
643.885
554.070
607.070
868.144
637.070
590.940
647.070
705.959
707.070
495.070
677.625
751.070
807.996
658.070
573.070
597.607
661.070
560.959
576.070
489.699
664.070
489.070
772.718
707.070
711.977
743.070
633.144
707.070
636.070
575.218
626.070
626.070
;
; amp track 9 (harmonic 4)
; peak time 53 ms
;
f448	0	128	-2
0
427
242
201
166
108
84
71
64
40
32
25
20
15
14
11
11
9
9
9
9
7
7
8
8
7
6
6
6
6
5
5
5
5
5
4
4
4
4
4
4
3
3
3
2
3
4
2
3
2
2
2
2
2
3
2
2
2
3
1
2
3
2
3
2
2
2
2
3
5
5
2
2
2
2
2
2
2
2
1
2
2
2
1
2
2
1
2
3
3
3
2
1
1
3
1
2
1
1
1
2
2
2
2
1
3
2
1
1
2
1
1
3
2
2
2
5
1
2
2
3
2
1
1
1
1
1
0
;
; frq track 10 (harmonic 4)
; Freq. diffs.
; 
f449	0	128	-2
580.930
83.930
-534.070
-521.311
-459.070
-759.403
-771.070
-705.070
-485.218
-1352.070
-1417.829
-740.070
-502.551
-671.070
-1039.070
-1289.348
-1415.070
-944.940
-322.070
-75.718
-701.070
-1074.070
-1235.033
-848.070
-1078.718
-1420.070
-1156.051
-1118.070
-1032.070
-1026.181
-1333.070
-1308.533
-1190.070
-1082.107
-1147.070
-1162.070
-1089.440
-1239.070
-1044.737
-689.070
-1239.681
-1029.070
-937.070
-167.588
-1379.070
-1145.477
117.930
-1165.848
517.930
-470.070
-1170.848
-978.070
-600.199
190.930
244.912
-155.070
-134.070
-96.774
482.930
-792.014
65.930
564.523
-51.070
656.930
509.708
-256.070
-203.070
-14.070
499.245
590.930
585.930
-279.737
409.930
600.338
674.930
398.152
205.930
528.930
488.689
126.930
-58.570
599.930
717.708
-332.070
643.930
537.930
104.930
431.763
619.930
527.671
471.930
636.930
430.819
750.930
530.097
500.930
710.967
500.930
774.930
456.930
573.930
463.023
305.930
664.171
470.930
499.930
639.301
343.930
374.356
628.930
593.930
670.486
579.930
478.838
618.930
427.541
586.930
637.930
639.893
577.930
605.412
518.930
461.023
567.930
668.930
669.912
562.930
562.930
;
; amp track 11 (harmonic 5)
; peak time 53 ms
;
f450	0	128	-2
0
259
199
220
109
67
51
43
36
28
22
16
14
10
9
9
7
7
7
5
7
6
5
5
5
5
4
4
4
4
4
4
3
4
3
3
3
3
3
3
3
3
2
2
2
3
2
3
3
2
2
2
2
2
2
2
2
2
2
3
3
3
2
2
2
2
1
2
1
2
2
1
2
1
2
1
1
3
2
2
1
3
1
1
1
2
2
2
2
1
2
1
1
2
2
1
3
1
1
1
2
2
2
2
1
2
1
2
1
2
2
1
1
1
2
3
2
2
1
2
1
1
1
1
0
1
1
0
;
; frq track 12 (harmonic 5)
; Freq. diffs.
; 
f451	0	128	-2
377.140
-1017.860
-270.860
377.899
-848.860
-1610.490
-2059.860
-1793.860
-2052.971
-1725.860
-1797.509
-1465.860
-1257.786
-1828.860
-1981.860
-1520.564
-2048.860
-981.009
-584.860
-1137.434
-699.860
-1166.860
-1803.842
-2057.860
-1789.916
-1637.860
-1884.212
-1750.860
-2009.860
-1474.953
-1660.860
-1585.286
-1680.860
-1231.342
-1463.860
-1490.860
-898.046
-1644.860
-1722.397
-1222.860
-1501.601
-562.860
-1521.860
-270.471
-2061.860
23.788
-457.860
182.065
-301.860
-450.860
122.325
-770.860
149.769
-354.860
-75.138
-8.860
215.140
255.380
29.140
358.917
315.140
77.621
7.140
412.140
-69.768
413.140
-351.434
152.140
206.121
229.140
28.140
-17.990
511.140
-562.601
412.140
543.658
317.140
386.140
196.714
284.140
338.121
252.140
291.399
279.140
219.140
-90.027
449.140
417.732
189.140
564.066
213.140
385.140
444.029
300.140
213.769
312.140
425.010
106.140
193.140
556.288
366.140
462.325
465.140
278.658
320.140
299.140
448.325
332.140
415.566
222.140
354.140
171.584
385.140
256.566
265.140
431.010
271.140
412.140
228.603
357.140
255.066
434.140
397.825
404.140
342.140
429.491
306.140
306.140
;
; amp track 13 (harmonic 6)
; peak time 53 ms
;
f452	0	128	-2
0
158
140
78
60
50
38
31
26
19
15
11
9
7
7
6
5
5
4
5
4
4
4
3
3
4
4
4
3
4
3
4
2
2
2
2
2
2
3
2
2
2
2
2
2
2
2
1
2
2
1
2
1
2
1
2
2
1
1
2
2
2
2
2
2
1
2
2
2
2
2
2
1
2
1
2
2
1
1
1
3
2
1
1
3
3
3
1
3
1
1
1
1
1
1
1
1
1
1
2
2
2
1
2
2
2
1
2
2
1
2
2
2
2
2
2
3
2
3
1
2
1
1
2
1
1
1
0
;
; frq track 14 (harmonic 6)
; Freq. diffs.
; 
f453	0	128	-2
367.721
-1818.279
-197.279
-2464.501
-2100.279
-1830.372
-2180.279
-2507.279
-2510.223
-2508.279
-2513.187
-2207.279
-1568.335
-2427.279
-2226.279
-2378.409
-2397.279
-1158.649
-2072.279
-960.260
-1333.279
-1589.279
-2029.964
-1977.279
-2237.372
-2010.279
-1601.983
-1460.279
-1784.279
-1157.112
-1018.279
-262.538
-1770.279
-2364.075
-1683.279
-1956.279
-2029.890
-2128.279
-822.909
-2123.279
-1350.853
-1407.279
-1025.279
-1564.112
-139.279
-391.520
76.721
-742.816
-267.279
299.721
-353.946
-489.279
-1044.798
-73.279
-112.538
344.721
-468.279
-343.631
-527.279
262.813
181.721
122.832
-178.279
392.721
342.665
187.721
383.036
400.721
138.665
281.721
418.721
181.202
-156.279
348.202
291.721
260.313
324.721
369.721
312.795
9.721
257.054
302.721
547.110
389.721
475.721
251.943
312.721
273.462
437.721
406.313
178.721
248.721
330.184
101.721
181.221
242.721
439.017
155.721
420.721
401.091
357.721
320.425
19.721
227.795
283.721
202.721
131.073
256.721
433.388
227.721
184.721
376.110
269.721
381.610
364.721
387.295
316.721
355.721
339.036
476.721
394.277
534.721
360.999
277.721
406.721
252.628
317.721
317.721
;
; amp track 15 (harmonic 7)
; peak time 53 ms
;
f454	0	128	-2
0
118
71
58
45
34
28
23
20
15
12
8
7
5
6
4
4
3
4
3
4
3
3
3
3
3
3
2
3
2
3
2
2
2
2
2
2
1
2
2
2
2
1
3
3
2
1
2
4
2
2
1
3
1
1
1
1
1
1
2
1
2
3
2
1
2
1
1
2
1
2
2
1
1
1
1
1
1
2
3
2
1
1
1
3
2
2
1
3
1
3
2
2
2
1
1
2
1
1
2
2
2
1
3
1
1
1
2
1
2
2
2
1
1
3
2
1
1
1
1
0
1
1
1
1
1
1
0
;
; frq track 16 (harmonic 7)
; Freq. diffs.
; 
f455	0	128	-2
262.209
-1951.791
-3016.791
-3052.124
-2852.791
-3021.605
-3054.791
-3053.791
-3055.754
-3052.791
-3059.661
-3054.791
-1910.383
-3050.791
-1882.791
-3029.161
-2294.791
-2055.309
-975.791
-1058.235
-1622.791
-2148.791
-1591.309
-2191.791
-2216.328
-2888.791
-1427.365
-2561.791
-682.791
-2155.995
-1000.791
-1363.939
-1512.791
-579.402
-2014.791
-691.791
-619.161
-2314.791
-1135.050
34.209
-1123.939
-147.791
-2000.791
116.265
73.209
-88.735
-133.791
-441.976
206.209
-329.791
308.172
-460.791
-128.069
-0.791
342.728
205.209
-779.791
-437.254
-1456.791
277.487
-472.791
270.191
176.209
239.209
280.431
283.209
306.765
177.209
321.487
-85.791
149.209
431.876
53.209
264.228
308.209
106.024
236.209
62.209
135.820
296.209
90.098
141.209
445.469
131.209
260.209
175.802
266.209
267.191
266.209
144.506
288.209
197.209
256.098
259.209
301.413
336.209
413.746
114.209
250.209
281.617
86.209
265.820
287.209
252.857
451.209
297.209
245.191
152.209
-52.920
385.209
186.209
185.228
177.209
341.117
279.209
205.598
155.209
192.209
216.746
130.209
287.246
269.209
307.487
181.209
262.209
174.857
446.209
446.209
;
; amp track 17 (harmonic 8)
; peak time 53 ms
;
f456	0	128	-2
0
88
56
45
35
27
22
19
15
11
9
6
5
4
4
3
3
4
3
2
3
3
3
3
3
2
3
2
2
2
2
3
3
3
2
2
1
2
2
1
1
2
1
2
1
2
1
1
2
2
1
1
2
2
2
1
1
1
1
2
2
2
1
2
1
2
2
1
1
2
2
2
2
3
2
2
1
3
2
2
1
2
2
2
1
2
1
2
2
1
2
2
2
2
2
1
1
1
2
1
2
1
1
1
1
2
1
1
1
3
2
2
2
3
1
0
1
1
2
2
0
1
1
1
1
1
1
0
;
; frq track 18 (harmonic 8)
; Freq. diffs.
; 
f457	0	128	-2
248.535
-2728.465
-3488.465
-3506.132
-3522.465
-3481.243
-3508.465
-3506.465
-3509.409
-3472.465
-3513.687
-3395.465
-2324.669
-2967.465
-3512.465
-3431.002
-2459.465
-1216.909
-1843.465
-2007.373
-1940.465
-1869.465
-2198.261
-949.465
-917.076
-2086.465
-1379.798
-2574.465
-2351.465
-1473.039
-2967.465
-276.243
-138.465
227.627
-2422.465
-1601.465
-2450.447
-541.465
-773.095
-2291.465
-1817.410
192.535
-1312.465
313.850
-875.465
332.739
-352.465
-507.539
-258.465
-368.465
272.442
401.535
70.776
61.535
-126.909
-1362.465
419.535
-835.780
-853.465
165.313
361.535
-6.521
-443.465
134.535
119.813
181.535
68.665
231.535
273.739
343.535
-95.465
123.405
185.535
299.387
264.535
406.850
53.535
232.535
372.887
232.535
148.127
274.535
319.683
192.535
489.535
269.683
206.535
290.942
334.535
211.850
303.535
219.535
102.739
191.535
211.165
44.535
-35.947
401.535
228.535
128.424
307.535
150.498
276.535
271.627
230.535
245.535
402.572
64.535
417.868
212.535
242.535
301.424
179.535
249.220
414.535
-48.724
114.535
225.535
148.979
383.535
92.035
115.535
202.887
268.535
127.535
235.498
304.535
304.535
;
; amp track 19 (harmonic 9)
; peak time 53 ms
;
f458	0	128	-2
0
68
49
36
29
22
18
15
13
9
7
5
4
3
3
3
3
2
3
4
2
2
3
2
2
2
2
2
2
2
2
1
2
2
1
4
1
1
2
2
2
1
1
2
2
2
1
1
1
1
2
1
1
1
2
1
1
2
2
2
2
1
0
2
2
0
1
2
1
1
2
1
1
1
1
1
1
2
1
3
1
2
2
2
1
2
1
2
1
1
1
1
2
2
1
3
0
1
1
2
1
2
2
1
2
1
1
1
2
1
1
2
2
1
2
1
1
1
1
1
1
1
2
1
1
1
1
0
;
; frq track 20 (harmonic 9)
; Freq. diffs.
; 
f459	0	128	-2
292.186
-3391.814
-3503.814
-3895.425
-3258.814
-3871.258
-3576.814
-3901.814
-3906.721
-3855.814
-3908.814
-3264.814
-2410.925
-3901.814
-3885.814
-3620.814
-3253.814
-2179.092
-992.814
-452.999
-2106.814
-1578.814
-1136.166
-2843.814
-2555.258
-1563.814
-2396.110
-633.814
-800.814
-1837.258
-2606.814
-3176.073
-1244.814
178.334
-2056.814
298.186
-1659.870
-2545.814
378.019
328.186
-644.462
-2871.814
-115.814
315.056
115.186
389.020
-1252.814
-1595.351
-1445.814
-107.814
211.167
-441.814
413.056
204.186
224.797
-1270.814
-294.814
427.556
281.186
217.390
269.186
303.538
-1061.814
247.186
266.815
297.186
-166.073
255.186
-134.462
162.186
228.186
-204.647
335.186
215.445
163.186
157.297
397.186
241.186
324.612
213.186
377.093
256.186
210.057
220.186
133.186
26.205
470.186
373.020
90.186
228.575
317.186
384.186
263.464
360.186
317.982
186.186
322.612
238.186
268.186
225.982
379.186
247.667
301.186
337.501
244.186
452.186
250.001
194.186
369.871
278.186
345.186
222.501
246.186
352.186
361.186
243.408
412.186
297.186
195.112
328.186
379.223
242.186
296.167
162.186
302.186
349.297
214.186
214.186
;
; source file ../data/Viola.pizz.sulA/ffG6.het
; via ../data/Viola.pizz.sulA/ffG6.asc
;
; number of harmonics (amp/frq track pairs):
; 10
;
; duration 5.404000 s
; avg. peak time 85 ms
; avg. release time 171 ms
; peak amp 1381 (track 1)
;
;
; amp track 1 (harmonic 0)
; peak time 85 ms
;
f460	0	64	-2
0
1365
197
64
55
37
15
15
17
6
5
4
7
7
6
2
3
3
4
5
5
4
4
3
2
3
3
2
4
7
3
3
2
4
3
4
4
2
4
2
5
4
4
2
5
2
3
5
3
4
2
1
3
1
2
5
3
4
3
2
2
6
2
0
;
; frq track 2 (harmonic 0)
; Freq. diffs.
; 
f461	0	64	-2
105.190
-731.845
-745.485
-556.314
-763.868
-815.198
-336.214
-995.121
-980.166
-1006.190
-172.732
-282.203
-1058.330
-901.543
-600.966
-1165.094
-194.909
-149.882
-0.369
53.549
0.455
-342.641
-130.852
675.980
-61.036
93.511
-542.663
247.380
-310.526
182.323
72.798
-522.633
229.288
-77.505
370.853
-390.678
508.775
247.413
297.593
-192.149
-145.911
-201.486
251.407
177.075
-84.580
246.312
399.542
203.850
-80.425
-254.661
48.961
-749.792
244.516
136.477
390.151
-255.438
177.874
-196.354
453.713
202.179
-293.019
-44.721
377.168
377.168
;
; amp track 3 (harmonic 1)
; peak time 85 ms
;
f462	0	64	-2
0
176
25
8
9
6
4
4
5
3
2
2
2
3
2
4
4
1
4
3
1
3
1
2
2
1
2
1
3
3
4
4
2
3
3
4
4
4
1
3
2
4
3
1
4
3
3
2
3
2
1
2
1
3
2
2
2
1
3
1
2
3
1
0
;
; frq track 4 (harmonic 1)
; Freq. diffs.
; 
f463	0	64	-2
-50.762
-2439.327
-2405.566
-1465.153
-2246.167
-2524.449
-1567.545
-793.199
-273.144
-753.329
-421.710
429.960
-662.745
-952.854
170.492
-463.218
-369.982
-765.348
195.364
-445.137
-163.468
544.385
-760.689
-784.202
796.421
355.731
196.040
166.931
4.115
-48.140
205.206
105.609
193.154
175.655
379.808
-178.470
-68.383
-369.590
-730.466
91.664
-39.636
-217.526
-609.431
-613.711
-289.482
-340.546
-112.199
14.228
-739.786
58.238
-884.320
-251.822
-485.205
-67.732
-89.250
-357.378
-403.660
-845.502
-79.012
180.069
54.234
19.075
-474.882
-474.882
;
; amp track 5 (harmonic 2)
; peak time 85 ms
;
f464	0	64	-2
0
68
11
3
4
3
3
3
3
3
4
2
1
2
2
3
2
2
2
2
3
2
1
2
3
2
4
1
1
2
2
1
1
3
2
1
2
3
2
2
2
3
2
2
3
1
2
3
3
2
1
1
1
1
3
3
3
1
1
1
3
3
2
0
;
; frq track 6 (harmonic 2)
; Freq. diffs.
; 
f465	0	64	-2
31.286
-3904.855
-2867.415
-84.963
-2850.860
-2539.422
-607.708
-900.738
-415.273
-501.658
268.122
-499.439
-1699.150
122.903
230.719
-120.533
-29.873
353.166
-265.973
-158.988
203.651
255.062
-87.557
-166.827
-584.739
-217.459
-238.220
52.367
-127.434
-187.005
621.046
202.257
-138.599
317.428
93.946
235.906
-43.072
-410.955
257.330
-265.271
304.714
128.481
182.011
-251.553
-403.106
-325.561
8.336
252.473
139.629
-396.939
-236.534
276.081
315.351
623.616
-179.590
-141.619
12.613
356.195
76.935
-79.001
-24.023
-37.396
-425.099
-425.099
;
; amp track 7 (harmonic 3)
; peak time 85 ms
;
f466	0	64	-2
0
37
9
2
3
3
2
2
2
2
2
2
2
2
1
1
2
1
1
2
2
1
2
1
1
3
1
1
2
2
2
2
1
2
3
1
1
2
2
1
1
1
1
1
2
1
1
1
1
1
2
1
3
1
1
1
1
1
2
1
2
2
1
0
;
; frq track 8 (harmonic 3)
; Freq. diffs.
; 
f467	0	64	-2
105.762
-5378.944
-374.395
-1240.614
-1881.968
-1314.000
462.465
366.057
439.024
-467.651
-168.796
-141.879
310.002
182.791
-220.633
243.239
-317.878
-374.881
302.630
315.607
294.270
-197.529
201.267
737.983
-396.730
312.867
-732.352
214.224
-107.576
290.028
138.373
-183.573
-309.246
296.343
-214.161
492.926
-325.746
-36.134
-279.343
-257.752
539.773
-189.866
77.398
-223.654
-599.294
249.551
587.710
-244.426
151.054
-224.301
75.621
-8.242
421.529
-747.323
-608.542
403.662
63.853
119.104
115.839
-30.748
-231.459
106.710
521.820
521.820
;
; amp track 9 (harmonic 4)
; peak time 85 ms
;
f468	0	64	-2
0
24
4
2
2
2
2
2
2
1
2
2
1
1
2
2
1
1
1
1
2
2
1
1
1
1
2
1
1
1
1
1
2
2
1
1
1
1
1
1
1
1
1
0
1
1
1
1
1
1
1
1
1
1
1
1
1
1
1
0
1
1
1
0
;
; frq track 10 (harmonic 4)
; Freq. diffs.
; 
f469	0	64	-2
67.905
-6965.366
-4246.822
-2654.019
-325.536
-423.924
-370.370
-428.706
40.728
-102.681
-97.161
125.601
-344.893
-1580.672
-142.341
157.337
41.659
-329.264
418.110
-104.869
17.980
-295.628
71.171
507.516
-253.041
-378.117
231.393
-241.828
-181.531
186.523
-425.523
84.755
214.808
32.251
300.709
-202.123
-293.910
354.467
-343.783
119.866
-61.771
551.308
562.635
806.007
427.907
-63.397
-587.614
51.684
355.291
157.611
447.991
-287.582
207.126
-25.328
154.620
547.549
81.990
570.094
-290.603
206.079
360.234
-576.785
-424.903
-424.903
;
; amp track 11 (harmonic 5)
; peak time 85 ms
;
f470	0	64	-2
0
17
4
3
1
1
3
1
2
2
1
1
1
1
2
2
1
1
1
1
1
1
1
1
1
1
2
1
2
1
1
1
2
1
1
1
1
1
1
1
1
1
0
1
1
1
1
2
0
1
1
1
1
1
1
1
1
1
1
1
1
1
0
0
;
; frq track 12 (harmonic 5)
; Freq. diffs.
; 
f471	0	64	-2
130.571
-8458.182
-1640.749
-929.366
-4259.148
-1751.284
151.272
-69.180
-362.446
-192.476
602.112
-383.951
697.815
135.949
-0.188
298.021
-255.256
-146.029
-77.070
310.952
-92.815
52.120
95.537
-343.965
-487.718
-228.599
367.381
-82.712
77.751
295.974
-582.513
273.197
-44.856
-326.718
-319.515
328.150
532.701
-470.542
111.641
-273.265
172.947
838.720
-729.100
-319.308
477.598
165.014
136.256
164.890
277.233
-426.669
452.636
-47.521
32.662
599.819
786.135
554.096
-141.858
-29.763
249.912
156.788
337.274
830.820
842.433
842.433
;
; amp track 13 (harmonic 6)
; peak time 85 ms
;
f472	0	64	-2
0
13
3
1
1
2
1
1
1
1
1
1
1
2
1
1
2
1
1
1
1
1
1
1
1
1
1
1
2
1
1
0
1
1
1
1
1
1
1
1
1
1
1
1
1
1
1
1
1
1
1
1
1
1
1
1
1
1
1
1
1
1
0
0
;
; frq track 14 (harmonic 6)
; Freq. diffs.
; 
f473	0	64	-2
-17.810
-9905.104
-1436.444
-3525.080
-3052.072
169.835
-352.376
263.526
-426.383
92.828
-254.673
-69.225
261.320
-42.574
195.521
-456.053
146.836
82.717
332.249
-141.174
-204.307
-15.310
-551.054
43.045
235.895
-13.863
76.050
-431.720
-349.761
103.791
-26.702
184.170
108.004
66.187
-361.716
-11.156
771.555
185.152
-56.928
136.583
-115.801
18.005
55.303
428.745
-513.378
-140.684
558.542
27.826
592.469
-560.361
208.875
-206.910
-637.556
-204.960
-566.208
225.344
0.543
-150.018
389.349
-71.829
570.888
403.184
-168.998
-168.998
;
; amp track 15 (harmonic 7)
; peak time 85 ms
;
f474	0	64	-2
0
11
3
2
1
1
1
1
1
1
1
1
1
1
1
1
0
2
1
1
1
1
2
1
1
1
1
0
1
1
1
1
1
1
1
2
1
0
1
1
0
1
1
1
1
1
0
1
1
1
1
1
1
1
1
1
1
1
1
1
2
1
1
0
;
; frq track 16 (harmonic 7)
; Freq. diffs.
; 
f475	0	64	-2
-10.762
-11647.232
-374.168
-301.492
-265.616
-355.689
-3471.574
-936.129
-126.049
-41.769
98.567
-491.707
349.217
453.749
196.366
216.005
-9.396
7.828
-761.445
397.442
-82.338
-2.659
-6.666
18.636
-380.016
253.162
-90.577
-283.176
-288.632
200.416
-41.990
16.838
229.183
-431.042
-90.812
-137.646
550.846
-655.050
421.423
56.917
658.905
17.510
256.547
244.383
-278.316
424.505
-833.802
326.609
-440.628
-458.340
139.992
72.837
-198.306
-144.403
-135.963
538.188
23.493
238.677
26.295
-140.783
-256.018
-778.326
-153.204
-153.204
;
; amp track 17 (harmonic 8)
; peak time 85 ms
;
f476	0	64	-2
0
9
2
2
1
1
1
1
1
1
1
1
1
2
1
1
1
2
1
1
1
0
2
2
1
1
1
1
2
1
1
1
2
1
2
1
1
1
1
1
1
1
1
1
1
0
1
1
1
0
1
1
1
1
1
1
1
0
0
0
1
0
1
0
;
; frq track 18 (harmonic 8)
; Freq. diffs.
; 
f477	0	64	-2
-66.286
-10477.345
-2422.078
-397.490
-727.431
245.136
-314.951
136.954
368.208
475.167
689.166
114.398
-645.200
-29.936
-73.255
468.268
46.750
-276.588
-134.665
-420.879
-552.160
266.229
-99.576
66.754
-161.568
-217.944
-379.441
-40.359
164.828
678.598
-377.149
278.112
318.746
449.599
-87.888
-120.510
-583.269
-339.100
356.434
-357.293
-79.891
250.839
-57.935
-410.094
56.603
-195.289
-458.030
-401.629
343.839
785.205
233.842
-180.423
-727.266
-471.333
103.038
-53.558
-244.734
-23.915
-115.087
-206.259
277.203
-735.182
-361.732
-361.732
;
; amp track 19 (harmonic 9)
; peak time 85 ms
;
f478	0	64	-2
0
8
2
2
1
2
1
1
1
1
1
2
2
1
2
1
2
1
1
0
1
1
2
2
1
1
1
0
1
2
1
2
1
1
1
1
1
1
1
1
2
1
1
1
1
1
1
1
1
1
1
1
1
1
1
1
1
1
1
1
2
1
1
0
;
; frq track 20 (harmonic 9)
; Freq. diffs.
; 
f479	0	64	-2
-77.952
-11223.270
-32.401
342.131
-9.578
-101.854
335.632
-573.311
-179.333
-626.310
-112.074
-127.583
-373.106
449.463
-194.617
-820.501
-336.477
-205.081
265.836
-701.437
-210.638
587.056
74.257
-69.528
-822.982
-264.255
383.622
-327.032
290.349
-29.148
-180.353
47.620
35.340
-34.294
247.690
277.342
-152.713
651.892
-404.378
-234.985
372.582
-464.032
593.860
-31.507
476.942
-309.233
-294.308
23.481
246.395
20.428
-190.920
-104.998
-269.046
490.012
143.303
-723.318
-239.473
-178.676
-147.689
-686.132
221.439
297.243
283.215
283.215
;
