; source file ../data/AltoFlute/ppA3.het
; via ../data/AltoFlute/ppA3.asc
;
; number of harmonics (amp/frq track pairs):
; 10
;
; duration 2.312000 s
; avg. peak time 696 ms
; avg. release time 737 ms
; peak amp 23016 (track 1)
;
;
; amp track 1 (harmonic 0)
; peak time 345 ms
;
f740	0	128	-2
0
596
745
1103
1543
1966
2985
3956
4947
6337
7919
10036
12634
15037
17612
19439
21018
22473
22914
23016
22798
22788
22375
21945
22024
22121
22032
21965
21371
20867
20173
19463
19043
18185
16959
16324
16273
17194
17691
17928
17833
17726
17623
18009
18227
18268
18526
18623
18633
17751
16964
16320
16304
16395
16175
15463
15218
16226
16700
16519
15839
15212
15342
15640
15124
12947
11179
11390
12522
13355
12582
10893
9378
8494
8766
9208
9959
10063
10078
11105
12161
12362
11926
11121
10819
11020
11628
12220
12715
13248
13771
13981
13904
13047
12118
11695
11479
11574
11774
11563
10862
10871
11547
12185
12522
12336
12289
12510
12345
11529
9597
6512
5205
4995
5309
5210
5120
4548
4445
4166
3988
3255
2451
2010
2025
1692
0
;
; frq track 2 (harmonic 0)
; Freq. diffs.
; 
f741	0	128	-2
2.558
1.558
-9.442
-4.442
-0.442
0.506
2.558
0.558
-1.442
-0.442
0.506
-0.442
0.558
0.558
0.558
0.558
0.558
-0.442
-0.442
-0.442
-1.389
-0.442
-1.442
-0.442
-0.442
0.558
-0.442
0.558
0.558
-0.389
-0.442
-1.442
-1.442
-2.442
-2.442
-3.442
-1.442
-0.442
1.558
1.558
2.558
1.558
0.558
-0.389
-1.442
-1.442
-0.442
0.558
1.506
1.558
2.558
1.558
0.558
-0.389
-2.442
-3.442
-1.442
-0.442
1.453
1.558
2.558
1.558
-0.442
-1.389
-3.442
-5.442
-4.442
-3.494
0.558
1.558
3.558
3.558
3.558
2.558
1.558
0.558
-3.442
-4.389
-3.442
-1.442
0.558
2.558
3.506
2.558
0.558
0.558
-1.337
-2.442
-2.442
-2.442
0.558
0.558
1.558
1.558
2.558
1.558
-0.337
-0.442
-2.442
-4.442
-4.442
-2.547
-0.442
0.558
1.558
1.558
0.611
-1.442
-1.442
-3.442
-3.442
-5.442
-5.442
-1.442
0.558
-0.389
-0.442
-0.442
-0.442
-3.442
-2.494
-3.442
-6.442
-5.442
-3.442
5.084
0.558
;
; amp track 3 (harmonic 1)
; peak time 1092 ms
;
f742	0	128	-2
0
134
152
60
157
78
153
79
233
397
473
656
987
1263
1511
1683
1726
1781
1553
1303
1310
1180
1160
1085
1214
1316
1386
1517
1578
1428
1143
738
444
321
320
369
445
693
988
1144
1262
1430
1405
1219
769
395
624
788
1168
1366
1453
1470
1382
986
716
263
558
761
1173
1492
1934
1644
1674
1277
487
212
288
442
802
1051
1355
1452
1168
857
579
215
80
158
370
739
833
988
1126
973
808
693
898
643
533
835
1066
1426
1588
1660
1191
838
602
772
627
361
349
595
970
1307
1534
1771
1697
1424
918
281
89
77
367
296
332
385
233
289
204
143
74
72
126
154
105
82
0
;
; frq track 4 (harmonic 1)
; Freq. diffs.
; 
f743	0	128	-2
4.651
-0.349
-58.349
-20.349
-0.349
-0.349
-7.349
45.651
-15.349
-6.349
-3.507
-1.349
1.651
-1.349
1.651
0.704
2.651
0.651
-2.349
-1.349
-4.191
-3.349
-1.349
-2.349
-1.401
-2.349
-0.349
1.651
-2.349
-0.454
-0.349
-5.349
-7.349
-2.349
-11.823
-7.349
0.651
0.651
0.651
3.493
3.651
1.651
3.651
-0.138
-1.349
-7.349
0.651
1.651
3.546
1.651
3.651
4.651
2.651
-0.191
-10.349
-17.349
6.651
0.651
0.651
3.651
2.651
0.651
3.651
1.756
5.651
-6.349
-12.349
7.546
0.651
3.651
4.651
2.651
0.756
-11.349
-8.349
-11.349
-5.349
-9.138
3.651
5.651
6.651
2.651
4.546
3.651
5.651
5.651
-1.928
1.651
-8.349
-1.349
-1.349
1.493
2.651
3.651
0.651
3.651
7.441
-2.349
-15.349
-17.349
-8.349
-3.612
1.651
1.651
3.651
1.651
-0.244
-2.349
-4.349
-4.349
-52.665
-22.349
0.651
11.651
1.651
2.599
15.651
2.651
-4.349
-27.349
-75.665
-10.349
10.651
27.651
-9.349
-26.401
45.651
;
; amp track 5 (harmonic 2)
; peak time 291 ms
;
f744	0	128	-2
0
437
405
177
119
110
87
159
166
195
441
901
2218
3124
3907
5172
5709
4895
3758
3255
3032
3316
3122
3095
3490
4325
4765
4565
4466
4046
2781
1686
1513
763
753
913
1134
1872
2927
3676
4261
4475
3710
2032
1235
1287
2208
3217
4076
4553
4420
4014
3078
1547
736
852
1256
2355
3613
4263
4136
3898
2525
811
432
238
496
655
1433
2020
2119
1770
1239
562
404
584
276
375
397
666
1179
1301
1433
1110
1036
767
594
759
686
886
1286
1697
1819
1821
1378
973
694
569
348
260
262
461
827
958
1140
1253
1184
872
294
209
49
76
81
101
150
61
31
73
49
77
69
41
19
48
115
44
0
;
; frq track 6 (harmonic 2)
; Freq. diffs.
; 
f745	0	128	-2
7.674
7.674
11.674
3.674
18.674
-5.010
34.674
-18.326
-7.326
-2.326
-1.378
-4.326
2.674
2.674
1.674
2.622
1.674
-0.326
-4.326
-3.326
-4.273
-1.326
-2.326
-2.326
-0.431
1.674
1.674
-0.326
0.674
0.674
-3.326
-8.326
-4.326
-12.326
-7.589
-4.326
-1.326
2.674
6.674
5.727
6.674
3.674
0.674
-6.904
-11.326
-1.326
2.674
4.674
7.517
7.674
6.674
5.674
0.674
-7.852
-15.326
-7.326
-0.326
5.674
7.569
7.674
8.674
4.674
0.674
-23.957
-19.326
-19.326
-6.326
1.253
8.674
11.674
8.674
6.674
5.727
10.674
6.674
-13.326
-16.326
-16.326
-3.326
5.674
7.674
9.674
6.832
7.674
1.674
2.674
-13.431
-7.326
-9.326
0.674
1.674
3.569
5.674
6.674
8.674
4.674
0.885
-14.326
-14.326
-16.326
-5.326
1.306
4.674
4.674
1.674
4.674
1.832
-4.326
-24.326
-29.326
-9.431
17.674
9.674
14.674
16.674
-37.326
118.674
10.674
91.674
-12.326
62.517
48.674
-132.326
9.674
-17.326
-38.168
-25.326
;
; amp track 7 (harmonic 3)
; peak time 1092 ms
;
f746	0	128	-2
0
108
73
42
58
37
40
27
31
98
154
75
122
198
355
617
938
1032
833
485
308
227
338
159
109
511
608
872
808
745
392
191
143
84
108
219
252
332
438
191
560
1129
876
314
131
320
188
116
142
283
815
903
751
551
85
333
448
494
453
860
1173
1099
841
402
143
56
157
437
529
465
404
641
386
409
146
236
100
142
192
439
530
458
149
72
110
162
199
126
185
274
293
369
151
292
216
281
109
294
93
195
210
452
579
651
378
83
253
373
145
270
101
107
71
112
69
107
148
61
73
47
28
91
26
28
44
61
0
;
; frq track 8 (harmonic 3)
; Freq. diffs.
; 
f747	0	128	-2
4.884
31.884
27.884
-44.116
-8.116
24.094
-59.116
-82.116
-89.116
-35.116
-14.274
-18.116
1.884
3.884
-3.116
1.621
-1.116
-4.116
-5.116
-8.116
-7.169
-14.116
-7.116
16.884
-70.274
0.884
-9.116
-3.116
-6.116
-2.327
-7.116
-21.116
-3.116
38.884
-29.327
-10.116
1.884
2.884
6.884
-13.958
-0.116
-0.116
0.884
-1.011
21.884
1.884
12.884
8.884
6.042
12.884
2.884
5.884
1.884
-4.748
-94.116
-12.116
-4.116
-0.116
-4.853
4.884
1.884
-1.116
-2.116
-12.537
-19.116
27.884
9.884
6.094
5.884
0.884
-3.116
5.884
0.200
8.884
-27.116
-14.116
16.884
-24.800
-4.116
7.884
6.884
4.884
-7.432
23.884
32.884
26.884
-9.116
-30.116
-16.116
-7.116
1.884
0.936
-2.116
6.884
3.884
5.884
-9.274
-11.116
27.884
17.884
5.884
5.884
-4.116
7.884
6.884
-12.116
-4.537
-1.116
8.884
-12.116
-7.379
7.884
0.884
-2.116
33.884
12.094
11.884
18.884
-3.116
62.884
-82.064
-25.116
-15.116
64.884
-37.116
-40.906
6.884
;
; amp track 9 (harmonic 4)
; peak time 491 ms
;
f748	0	128	-2
0
282
231
134
122
73
119
87
119
182
136
156
373
548
950
723
1083
924
819
655
748
828
870
837
773
953
946
1347
1285
1106
687
417
566
186
159
168
325
343
245
183
136
90
281
221
244
386
438
482
703
847
714
810
470
343
168
151
365
370
508
419
246
328
332
146
67
64
60
144
242
92
53
111
102
122
91
119
45
69
61
62
42
134
56
86
53
53
128
95
131
179
122
147
125
78
126
103
115
60
47
51
97
34
90
55
134
73
62
22
41
95
46
29
30
25
14
54
39
15
58
60
46
48
37
45
49
50
0
;
; frq track 10 (harmonic 4)
; Freq. diffs.
; 
f749	0	128	-2
13.628
-1.372
-0.372
9.628
34.628
42.207
37.628
24.628
27.628
3.628
2.681
3.628
3.628
1.628
0.628
-2.214
4.628
-5.372
-2.372
-6.372
-8.267
-1.372
-1.372
-4.372
3.207
-0.372
2.628
3.628
-0.372
-1.319
-5.372
-12.372
-8.372
-24.372
-22.477
-10.372
6.628
9.628
19.628
1.628
-3.372
46.628
-6.372
-11.109
-6.372
1.628
3.628
3.628
7.417
8.628
4.628
6.628
8.628
-3.688
-26.372
-22.372
14.628
9.628
15.312
10.628
6.628
4.628
10.628
-40.530
-44.372
35.628
-0.372
2.470
13.628
1.628
58.628
15.628
2.365
12.628
-13.372
-9.372
-70.372
-34.372
0.628
38.628
14.628
-9.372
-43.477
-9.372
41.628
-16.372
3.523
5.628
-8.372
5.628
-0.372
9.102
26.628
-9.372
12.628
-27.372
-15.056
-35.372
-44.372
-4.372
5.628
0.891
1.628
-38.372
-5.372
-44.372
-32.056
65.628
64.628
-6.372
51.417
6.628
-21.372
-10.372
-148.372
6.049
75.628
65.628
-39.372
88.628
36.523
56.628
97.628
17.628
24.628
52.102
42.628
;
; amp track 11 (harmonic 5)
; peak time 309 ms
;
f750	0	128	-2
0
140
157
34
46
289
321
456
871
626
402
457
296
546
794
747
623
985
769
574
593
455
196
307
271
691
278
528
648
446
514
339
104
85
102
186
335
246
395
176
446
299
515
398
185
238
129
319
287
191
324
534
441
484
171
182
555
558
200
318
414
155
446
168
72
19
128
310
316
245
62
72
273
273
321
193
64
46
137
309
463
338
149
266
397
123
161
144
137
339
415
243
224
146
237
425
218
224
73
78
102
191
196
156
151
52
169
211
58
70
38
30
34
9
36
92
53
25
29
28
16
28
34
24
15
28
0
;
; frq track 12 (harmonic 5)
; Freq. diffs.
; 
f751	0	128	-2
9.302
-23.698
9.302
87.302
-22.698
20.881
10.302
10.302
-1.698
-3.698
-7.487
36.302
-5.698
12.302
-2.698
-2.698
-11.698
-2.698
-7.698
-5.698
-3.803
-14.698
-16.698
-6.698
-10.487
-0.698
-8.698
-6.698
-4.698
-5.645
-7.698
-10.698
-25.698
33.302
20.987
-14.698
-0.698
-12.698
18.302
-28.119
6.302
-14.698
-4.698
-11.329
-22.698
-13.698
-7.698
-5.698
2.829
-16.698
5.302
9.302
10.302
-8.645
-24.698
-30.698
-2.698
10.302
-15.277
37.302
-3.698
-4.698
13.302
-38.803
18.302
59.302
-7.698
9.355
31.302
2.302
-70.698
-31.698
10.934
1.302
33.302
-0.698
5.302
25.197
-2.698
10.302
10.302
8.302
-3.066
7.302
8.302
-40.698
-9.434
-13.698
-28.698
5.302
5.302
-2.277
20.302
-0.698
-6.698
13.302
-9.434
-8.698
-1.698
-6.698
2.302
7.987
15.302
16.302
38.302
68.302
3.881
-12.698
-20.698
-11.698
-42.013
85.302
18.302
-76.698
62.302
13.039
12.302
-38.698
-52.698
37.302
-5.329
32.302
-54.698
-16.698
-12.698
-32.592
-94.698
;
; amp track 13 (harmonic 6)
; peak time 254 ms
;
f752	0	128	-2
0
75
101
100
70
54
148
193
202
139
167
212
107
143
422
331
411
109
279
275
237
218
179
272
45
177
57
297
283
124
157
104
112
97
42
44
78
77
61
130
94
86
67
42
49
143
50
106
85
170
71
103
115
60
97
94
54
60
101
77
62
65
113
113
37
21
27
35
96
169
67
47
65
74
112
59
48
32
29
39
53
182
91
76
183
64
45
28
43
50
20
44
76
98
134
117
96
67
42
23
27
47
63
32
82
51
99
118
113
25
41
28
39
34
49
51
28
37
40
22
36
28
48
49
31
32
0
;
; frq track 14 (harmonic 6)
; Freq. diffs.
; 
f753	0	128	-2
2.860
-81.140
-7.140
-25.140
-41.140
45.071
7.860
-3.140
1.860
5.860
-21.613
11.860
-108.140
-82.140
-23.140
-8.929
-23.140
16.860
-29.140
-28.140
-35.719
-31.140
-9.140
-24.140
-87.613
-19.140
81.860
-14.140
-12.140
-29.192
-36.140
-32.140
-41.140
-36.140
-84.455
-51.140
36.860
-28.140
-11.140
-37.666
-61.140
-54.140
-16.140
-21.824
-39.140
-30.140
57.860
10.860
-6.192
-29.140
12.860
-8.140
-52.140
-34.140
-43.140
-46.140
-24.140
-23.140
-37.350
96.860
-43.140
63.860
-6.140
12.808
113.860
-53.140
-35.140
10.334
-13.140
-39.140
7.860
-40.140
10.071
42.860
-36.140
-15.140
18.860
75.703
-0.140
19.860
-74.140
18.860
48.229
111.860
22.860
49.860
-4.140
40.860
-57.140
-1.140
-33.140
11.387
81.860
-25.140
-62.140
14.860
-23.034
-43.140
-20.140
14.860
-49.140
25.703
22.860
41.860
-33.140
83.860
-30.771
-29.140
-45.140
-44.140
-16.666
-76.140
22.860
1.860
38.860
32.229
12.860
-12.140
-78.140
38.860
32.229
99.860
3.860
-24.140
69.860
4.492
23.860
;
; amp track 15 (harmonic 7)
; peak time 910 ms
;
f754	0	128	-2
0
134
39
58
56
49
54
84
74
50
44
62
124
176
76
315
202
282
153
121
186
133
89
67
124
172
47
79
216
66
121
148
131
113
40
61
37
67
131
160
189
248
104
68
170
76
80
80
182
320
374
144
164
141
142
56
133
73
184
111
70
171
172
154
106
18
34
49
71
306
83
102
150
157
198
28
29
40
14
57
117
93
47
119
150
108
62
26
70
42
45
86
73
100
124
181
95
70
32
27
21
32
41
49
87
105
104
32
33
20
54
30
34
35
22
31
13
49
32
29
25
20
17
37
25
34
0
;
; frq track 16 (harmonic 7)
; Freq. diffs.
; 
f755	0	128	-2
29.512
-19.488
-66.488
27.512
-23.488
64.617
16.512
65.512
-31.488
118.512
128.933
51.512
42.512
95.512
-39.488
12.617
1.512
25.512
42.512
-12.488
11.196
20.512
1.512
72.512
10.933
27.512
-43.488
-4.488
17.512
-51.646
-24.488
5.512
-23.488
-35.488
16.617
-6.488
62.512
-11.488
57.512
75.512
65.512
-25.488
39.512
50.880
-20.488
44.512
-2.488
61.512
-4.804
14.512
25.512
-20.488
28.512
-15.067
-40.488
2.512
41.512
33.512
-5.331
11.512
-50.488
39.512
-33.488
-31.594
-45.488
52.512
-12.488
-26.699
-7.488
-18.488
-46.488
92.512
-7.909
3.512
-30.488
-53.488
-50.488
-33.436
19.512
41.512
-1.488
77.512
-10.594
-49.488
-43.488
-47.488
-14.331
109.512
39.512
-73.488
18.512
-28.857
-4.488
-11.488
-24.488
-25.488
-5.594
37.512
-78.488
64.512
-38.488
57.196
-23.488
88.512
113.512
-23.488
-24.436
5.512
93.512
-61.488
18.091
56.512
23.512
-41.488
-11.488
63.354
-80.488
52.512
-28.488
-21.488
76.091
-83.488
71.512
26.512
39.512
51.827
-3.488
;
; amp track 17 (harmonic 8)
; peak time 892 ms
;
f756	0	128	-2
0
71
38
19
22
39
29
28
33
29
38
51
53
103
113
187
66
184
123
110
43
73
42
35
44
55
49
57
31
54
36
28
40
34
13
39
60
24
53
96
214
69
29
40
48
55
23
65
183
339
176
295
194
52
31
41
26
60
98
315
157
153
46
37
20
13
48
26
29
213
105
63
143
224
45
35
37
46
18
48
42
174
128
140
66
53
37
42
33
27
38
87
97
186
132
68
71
56
36
12
22
20
19
46
49
77
58
57
30
18
23
28
15
26
33
24
36
18
43
13
31
19
41
24
27
31
0
;
; frq track 18 (harmonic 8)
; Freq. diffs.
; 
f757	0	128	-2
-33.023
-63.023
19.977
-18.023
-82.023
-13.813
-2.023
-45.023
0.977
-40.023
25.345
-14.023
-61.023
36.977
34.977
-3.865
4.977
20.977
40.977
29.977
-81.813
34.977
46.977
-56.023
-84.444
-55.023
54.977
48.977
58.977
-42.392
16.977
22.977
47.977
-125.023
-12.286
-6.023
18.977
-27.023
-120.023
-38.550
51.977
-113.023
-41.023
41.398
12.977
-3.023
-48.023
36.977
9.503
32.977
58.977
36.977
32.977
34.871
-57.023
-63.023
52.977
-41.023
-84.602
45.977
31.977
46.977
-65.023
-37.550
-91.023
85.977
-53.023
-0.918
84.977
-24.023
-1.023
-90.023
50.187
28.977
43.977
-27.023
7.977
-22.339
-108.023
-1.023
33.977
19.977
21.871
47.977
-54.023
24.977
15.503
-21.023
-92.023
-86.023
31.977
1.661
50.977
-23.023
-88.023
-39.023
-8.708
-27.023
32.977
-20.023
39.977
-83.181
41.977
13.977
-170.023
-129.023
-102.497
-72.023
-77.023
14.977
21.608
-13.023
34.977
-37.023
-8.023
-82.865
16.977
43.977
2.977
-71.023
-17.023
-110.023
12.977
-24.023
-85.023
-103.971
15.977
;
; amp track 19 (harmonic 9)
; peak time 1292 ms
;
f758	0	128	-2
0
67
10
22
21
21
20
45
29
32
33
15
39
147
108
114
94
101
51
40
28
83
74
31
42
55
123
88
118
78
35
32
59
12
16
29
29
48
78
108
218
80
73
34
37
52
46
69
66
123
232
184
90
66
26
21
29
49
81
169
177
128
54
33
15
18
18
17
92
56
198
325
185
167
60
41
24
25
51
36
36
140
154
141
78
51
17
25
9
21
41
39
79
166
169
76
28
95
27
30
20
22
29
34
42
50
56
14
36
23
19
56
27
19
27
16
37
13
23
35
44
37
17
18
16
19
0
;
; frq track 20 (harmonic 9)
; Freq. diffs.
; 
f759	0	128	-2
-3.372
-75.372
-38.372
-34.372
11.628
45.733
-4.372
-56.372
-32.372
29.628
-13.004
-138.372
-27.372
40.628
2.628
-37.162
-31.372
-37.372
-33.372
-65.372
1.891
-92.372
-83.372
-56.372
-12.793
30.628
2.628
-2.372
-16.372
-38.162
-46.372
4.628
-44.372
64.628
3.996
-46.372
-83.372
-57.372
-65.372
-79.583
-17.372
21.628
-27.372
-20.740
-68.372
30.628
34.628
-74.372
-120.793
-25.372
-24.372
59.628
-17.372
-40.109
14.628
44.628
13.628
60.628
-49.267
-125.372
5.628
-19.372
12.628
14.523
-89.372
-79.372
65.628
83.628
-9.372
-113.372
-22.372
5.628
20.786
44.628
35.628
-75.372
-52.372
60.365
1.628
93.628
106.628
82.628
55.154
52.628
57.628
39.628
2.681
-23.372
-92.372
-87.372
77.628
64.365
42.628
44.628
50.628
63.628
-18.793
38.628
-23.372
-16.372
-22.372
46.786
67.628
76.628
80.628
49.628
37.312
-28.372
58.628
82.628
-29.162
-17.372
-13.372
55.628
-0.372
-69.530
-20.372
-44.372
-61.372
-15.372
37.681
-37.372
-51.372
33.628
-74.372
-32.688
14.628
;
; source file ../data/AltoFlute/ppG5.het
; via ../data/AltoFlute/ppG5.asc
;
; number of harmonics (amp/frq track pairs):
; 10
;
; duration 3.240000 s
; avg. peak time 1918 ms
; avg. release time 1975 ms
; peak amp 21895 (track 1)
;
;
; amp track 1 (harmonic 0)
; peak time 1851 ms
;
f760	0	64	-2
0
85
77
137
220
132
267
655
1931
6253
6976
7729
9934
11118
13446
14517
13711
9211
9940
17341
15919
11912
11022
15135
14756
8469
4254
10270
15009
14092
11896
17906
18435
16434
15900
19362
21845
18641
17401
18659
16657
15773
18048
15022
11726
13119
16140
13025
8314
8493
8633
9096
5600
9407
15164
9903
12138
11404
7571
3722
2478
606
139
0
;
; frq track 2 (harmonic 0)
; Freq. diffs.
; 
f761	0	64	-2
-1.667
-144.804
-423.101
-154.414
28.672
64.885
-33.695
6.717
2.419
-0.606
-3.549
-4.645
-2.743
-2.668
0.218
1.311
-0.591
-5.567
-0.763
1.253
0.351
-0.628
-0.666
3.180
1.370
-0.588
-0.665
1.294
3.255
-2.551
-1.701
3.235
1.406
-2.587
-2.664
0.275
1.313
-3.475
-5.624
-0.857
2.271
4.254
-0.570
-2.626
-4.588
1.217
2.290
-1.589
-4.548
0.238
0.330
-1.628
-5.587
1.067
2.308
-0.552
1.296
-1.553
-4.606
-5.626
-4.685
-9.569
19.183
19.183
;
; amp track 3 (harmonic 1)
; peak time 2006 ms
;
f762	0	64	-2
0
383
274
197
261
126
86
128
393
3036
4836
5555
5687
4826
4321
4321
4763
4305
4217
5384
6200
5172
4714
5036
6164
4647
2076
5480
6478
5349
4888
6044
5697
4729
4353
7908
7313
6201
7527
8872
8875
6626
6024
4255
4485
4884
4798
4623
4093
3616
2964
3558
2250
4685
4830
4773
6344
6734
5012
2290
1450
195
52
0
;
; frq track 4 (harmonic 1)
; Freq. diffs.
; 
f763	0	64	-2
-4.000
-21.647
33.889
-317.927
156.511
-124.750
90.691
147.719
-15.731
-10.112
-1.350
-2.968
-8.768
-7.035
-7.001
1.823
-6.661
-13.856
-10.076
1.536
-5.852
-5.033
-6.961
12.232
9.063
-8.305
1.798
2.976
3.961
2.038
-3.768
9.730
3.259
-2.877
-5.880
3.806
-6.788
0.700
2.955
-0.848
-8.840
-3.225
1.898
-5.845
-6.956
2.805
-2.777
-3.976
0.809
5.898
1.188
1.004
-11.745
0.510
-3.912
-9.766
0.789
4.838
-4.807
-4.031
-13.805
-36.545
276.479
276.479
;
; amp track 5 (harmonic 2)
; peak time 977 ms
;
f764	0	64	-2
0
104
116
166
122
113
34
76
224
549
878
1177
1387
1456
1766
2358
2435
1060
1005
2667
2296
1499
1121
1793
1845
667
198
923
1789
1383
1333
2254
2542
2057
1646
1291
2178
1534
1003
524
249
997
2301
1745
1106
1317
2204
1034
517
501
567
365
156
206
706
466
277
184
113
46
133
23
32
0
;
; frq track 6 (harmonic 2)
; Freq. diffs.
; 
f765	0	64	-2
1.619
-75.832
-0.880
-21.554
57.047
67.212
311.729
103.931
-10.100
-7.434
33.002
9.097
-7.709
-5.427
12.887
21.448
-8.195
-14.260
-12.418
13.579
19.501
2.307
30.064
20.021
26.490
-1.271
-83.732
16.612
17.580
0.952
-0.330
19.228
13.835
-5.004
17.710
12.719
5.758
-7.837
1.434
-67.619
-5.621
-10.198
9.230
8.631
4.773
27.171
14.140
-8.920
14.675
-9.890
-4.593
22.086
23.589
-90.805
4.709
-12.685
-42.779
-141.435
-61.970
-240.250
-165.868
-47.743
-341.625
-341.625
;
; amp track 7 (harmonic 3)
; peak time 1594 ms
;
f766	0	64	-2
0
96
55
121
107
70
64
67
84
54
66
87
93
82
115
113
139
46
51
432
217
80
87
188
118
73
60
180
321
192
163
491
115
355
175
125
300
164
310
154
122
258
194
259
112
312
162
359
113
155
136
110
45
161
207
251
155
265
75
40
80
66
31
0
;
; frq track 8 (harmonic 3)
; Freq. diffs.
; 
f767	0	64	-2
25.190
-236.574
141.626
81.592
74.335
58.811
-105.523
-99.068
69.813
299.595
-5.602
63.802
48.791
-96.896
69.533
134.883
94.794
-84.229
-142.641
-0.495
-212.568
-340.685
5.271
-26.537
42.804
-393.363
131.689
192.965
87.413
-31.433
-78.910
-7.243
-11.634
1.919
143.526
-31.313
60.357
73.658
110.455
94.816
3.026
-17.970
-55.068
131.460
85.047
-42.263
-9.135
-7.835
66.228
-164.201
143.868
-166.600
-251.119
-391.206
-72.190
-37.209
58.281
113.002
0.442
325.200
1.661
-114.487
-110.951
-110.951
;
; amp track 9 (harmonic 4)
; peak time 2777 ms
;
f768	0	64	-2
0
95
124
113
108
145
103
116
61
34
85
183
147
222
175
521
418
208
57
598
544
187
142
426
690
139
61
307
515
325
115
548
467
365
313
155
462
126
110
73
84
194
434
445
107
379
642
404
125
137
140
156
102
136
788
124
73
87
161
104
50
38
37
0
;
; frq track 10 (harmonic 4)
; Freq. diffs.
; 
f769	0	64	-2
67.476
131.202
-8.725
-228.724
-147.155
-16.740
14.844
183.721
-333.186
-262.929
64.384
42.906
119.416
58.691
100.792
94.600
57.942
72.191
345.020
88.728
82.599
78.635
123.577
112.903
91.896
25.146
-308.844
38.529
87.517
84.536
78.709
85.344
71.048
67.546
68.440
-297.211
75.031
98.536
-320.150
-158.971
-104.611
-0.681
73.983
64.663
113.522
74.261
102.353
68.160
83.849
21.719
6.101
154.508
196.634
58.982
85.937
117.225
-199.196
-81.242
18.482
-14.216
182.541
-106.738
9.814
9.814
;
; amp track 11 (harmonic 5)
; peak time 1646 ms
;
f770	0	64	-2
0
39
38
34
26
26
23
33
67
31
36
44
49
68
66
52
97
47
64
167
119
63
46
98
128
73
38
96
92
145
91
28
213
99
47
41
179
92
62
31
67
88
148
131
53
61
136
69
47
72
69
66
51
64
120
41
34
44
18
18
86
29
17
0
;
; frq track 12 (harmonic 5)
; Freq. diffs.
; 
f771	0	64	-2
-39.762
-177.017
-11.081
278.649
103.736
-132.319
-185.694
-122.297
-14.910
-55.941
8.654
48.442
-346.946
-2.647
135.704
-51.027
-45.003
-88.884
50.452
25.247
108.572
-95.595
-57.523
99.940
-100.748
77.124
136.060
69.568
40.405
37.300
-150.259
-407.615
23.013
-35.590
-51.140
339.427
28.458
-62.138
8.819
137.107
-95.117
49.456
81.596
16.540
-88.558
-119.150
-38.969
62.215
87.237
-297.076
33.034
-106.962
48.136
135.734
62.699
-286.782
-217.154
252.454
-81.091
-353.851
-40.038
-252.512
-227.752
-227.752
;
; amp track 13 (harmonic 6)
; peak time 2777 ms
;
f772	0	64	-2
0
32
57
22
25
40
32
44
53
63
29
50
33
74
87
84
22
22
44
107
97
88
45
100
114
50
67
92
194
80
70
124
61
59
85
127
46
74
49
194
113
97
91
164
75
79
59
204
66
54
142
58
42
45
250
162
60
100
45
26
44
21
12
0
;
; frq track 14 (harmonic 6)
; Freq. diffs.
; 
f773	0	64	-2
-33.619
90.891
3.136
-212.013
-48.882
41.755
-237.043
-162.597
-155.756
22.810
-320.872
-75.526
-158.308
-96.848
86.064
16.767
-140.335
-73.947
22.453
-29.540
-338.441
48.888
47.411
131.036
-34.312
-280.761
-78.661
-63.914
-35.746
-97.386
-173.572
45.990
448.289
-166.327
-122.377
-26.536
312.598
-60.688
302.125
-36.090
5.548
-163.843
-95.977
-94.646
-71.543
-149.069
141.748
-107.631
-278.773
82.162
127.565
85.228
86.358
-84.774
-13.054
-54.943
3.218
-153.356
-113.418
-45.342
-39.731
-197.464
-295.690
-295.690
;
; amp track 15 (harmonic 7)
; peak time 1851 ms
;
f774	0	64	-2
0
25
54
34
24
19
19
19
66
27
20
53
42
39
124
62
85
27
42
61
115
59
35
133
83
60
66
92
96
78
52
107
179
57
53
114
210
105
52
90
46
83
81
109
68
102
140
92
84
97
121
84
74
95
70
57
75
82
62
25
14
23
20
0
;
; frq track 16 (harmonic 7)
; Freq. diffs.
; 
f775	0	64	-2
-52.333
-142.530
214.525
-43.031
410.594
-144.144
177.239
-107.927
-13.228
-195.685
166.191
142.147
-53.507
-314.121
13.559
46.998
-50.436
-341.512
48.859
-103.249
62.354
-216.192
-195.743
19.074
146.125
89.915
22.024
63.831
-47.866
11.479
150.121
-135.619
64.656
-26.510
305.391
-85.515
4.859
-53.980
-118.052
-47.169
-1.252
40.978
129.888
48.298
-276.348
-113.589
-129.689
-205.811
-161.121
-164.271
153.938
248.770
-17.018
346.140
-13.148
-372.942
-184.110
-89.133
-93.251
-105.831
-131.814
-70.559
-113.611
-113.611
;
; amp track 17 (harmonic 8)
; peak time 2726 ms
;
f776	0	64	-2
0
13
52
65
61
22
27
20
54
27
34
42
49
24
33
57
108
36
21
84
40
25
16
64
138
52
62
59
51
47
28
137
143
60
72
78
119
57
91
96
107
81
60
55
17
168
134
170
60
59
72
88
27
200
45
136
58
67
41
8
13
19
7
0
;
; frq track 18 (harmonic 8)
; Freq. diffs.
; 
f777	0	64	-2
93.952
-168.793
2.526
293.320
67.469
-176.297
-149.582
31.701
-151.386
-35.368
286.094
384.975
-98.701
249.979
-214.470
-31.703
-17.611
94.706
242.006
140.993
199.776
-9.670
-593.374
-38.253
115.870
75.564
-194.644
25.548
529.783
-17.110
331.027
223.110
-184.734
-64.454
-178.486
-263.351
58.515
223.358
74.921
34.566
-31.722
-123.381
237.730
-22.836
-72.078
64.226
92.809
24.322
153.774
-57.816
197.730
217.556
87.552
101.398
-101.980
67.186
114.016
392.801
-83.521
157.318
351.077
348.994
232.607
232.607
;
; amp track 19 (harmonic 9)
; peak time 977 ms
;
f778	0	64	-2
0
20
39
23
30
23
15
28
49
19
56
49
21
19
29
87
22
16
63
180
84
31
62
55
40
45
45
86
130
60
55
126
66
53
81
34
47
38
23
88
63
104
121
92
44
75
170
46
51
148
109
52
43
76
47
70
59
60
19
30
36
20
13
0
;
; frq track 20 (harmonic 9)
; Freq. diffs.
; 
f779	0	64	-2
-57.905
-300.062
-51.869
95.212
-107.844
-51.172
0.070
-178.752
-168.118
252.679
192.502
-196.132
-89.183
-297.734
26.140
-45.473
-122.811
83.960
4.681
-22.805
-97.413
186.729
-14.873
293.750
-127.480
219.227
-24.040
-266.064
-148.603
-168.507
100.341
-161.665
-7.088
-221.614
17.529
383.770
-54.146
-285.645
90.571
221.844
64.247
-126.284
-164.147
-89.400
-294.693
-39.999
12.976
115.054
-53.176
-264.675
125.489
257.456
-243.878
-150.634
-52.860
-99.057
156.975
-325.602
-11.193
-77.262
-29.853
-333.825
-267.556
-267.556
;
; source file ../data/AltoFlute/ffA3.het
; via ../data/AltoFlute/ffA3.asc
;
; number of harmonics (amp/frq track pairs):
; 10
;
; duration 1.032000 s
; avg. peak time 523 ms
; avg. release time 541 ms
; peak amp 9861 (track 1)
;
;
; amp track 1 (harmonic 0)
; peak time 560 ms
;
f780	0	128	-2
0
27
73
118
197
204
240
271
321
399
448
467
556
644
731
835
939
1076
1276
1484
1704
1907
2139
2410
2701
3028
3273
3537
3748
4023
4259
4397
4526
4632
4802
4818
4879
4896
4922
4878
4829
4813
4745
4706
4788
4832
4886
4887
4856
4784
4812
4806
4725
4646
4571
4524
4557
4489
4425
4430
4469
4430
4452
4507
4496
4470
4472
4506
6778
9861
9617
9467
9255
8978
8757
8614
8168
7848
7671
7408
7388
7085
6928
6804
6807
6697
6572
6282
5939
5829
5621
5395
5460
5199
4953
4765
4630
4335
4245
4067
3805
3623
3591
3429
3079
2943
2697
2446
2306
2182
1971
1727
1707
1508
1517
1351
1413
1204
1077
1132
1061
971
823
664
627
469
401
0
;
; frq track 2 (harmonic 0)
; Freq. diffs.
; 
f781	0	128	-2
2.744
82.744
-24.256
-1.256
6.744
-1.256
-4.256
0.744
0.744
-2.256
-3.256
0.744
-1.256
-3.256
0.744
0.744
-0.145
-0.256
0.744
-0.256
0.744
0.744
-0.256
-0.256
-1.145
-0.256
-0.256
-0.256
-1.256
-1.256
-0.256
-0.256
-0.256
-0.256
-0.256
-0.256
-0.256
-0.256
-0.256
-0.256
-0.256
0.744
-0.256
-0.256
0.744
-0.256
-0.256
0.633
-0.256
0.744
0.744
-0.256
-0.256
0.744
-0.256
-0.256
-0.256
0.744
0.744
0.744
0.744
0.744
0.744
0.744
0.744
-0.256
-0.256
-0.256
25.744
0.744
-0.145
-1.256
-1.256
-2.256
-2.256
-3.256
-3.256
-4.256
-3.367
-3.256
-2.256
-2.256
-1.256
-1.256
-1.256
-1.256
-0.256
-1.256
-0.256
-1.256
-1.256
-0.256
-1.256
-1.256
-0.256
-0.256
-1.256
0.744
-1.256
-3.256
-1.256
-1.256
-2.256
-3.256
-1.256
-2.256
-3.256
-2.256
-2.256
-1.367
-1.256
-0.256
-2.256
-2.256
-2.256
1.744
-7.145
1.744
-5.256
-5.256
-4.256
-5.256
-5.256
-2.256
-11.145
5.744
0.744
0.744
;
; amp track 3 (harmonic 1)
; peak time 560 ms
;
f782	0	128	-2
0
64
75
79
77
95
52
83
78
89
95
119
150
157
192
250
285
373
467
567
703
845
1033
1244
1424
1636
1850
2024
2115
2198
2251
2287
2336
2388
2394
2452
2525
2582
2671
2718
2821
2883
2964
3043
3080
3096
3137
3169
3217
3254
3245
3241
3244
3246
3265
3280
3290
3322
3344
3349
3392
3396
3440
3447
3480
3508
3495
3466
3115
9185
9002
8480
7809
6966
6050
5007
3934
3016
2298
1524
1071
878
829
898
916
966
1038
1046
1130
1144
1244
1210
1196
1209
1221
1216
1195
1205
1067
992
943
803
722
618
571
522
409
333
374
237
274
215
244
246
250
201
120
102
86
104
69
51
36
67
64
44
90
0
;
; frq track 4 (harmonic 1)
; Freq. diffs.
; 
f783	0	128	-2
8.953
-32.047
1.953
-4.047
-5.047
-6.047
-16.047
0.953
-2.602
-1.047
-8.047
1.953
-0.047
0.953
7.953
2.953
2.065
2.953
5.953
2.953
4.953
3.953
4.953
3.953
3.953
2.953
2.953
1.953
1.953
2.953
1.953
1.953
1.953
1.953
2.953
2.953
2.953
2.953
2.953
2.953
2.953
2.953
2.953
2.953
3.953
2.953
3.953
3.953
3.953
3.953
3.953
3.953
3.953
2.953
2.953
2.953
2.953
3.953
3.953
2.953
3.953
3.953
3.953
3.953
3.953
3.953
3.953
3.953
-75.047
1.953
2.842
2.953
1.953
1.953
0.953
-0.047
-0.047
-0.047
-2.713
-3.047
-8.047
-4.047
-7.047
-3.047
-4.047
-1.380
0.953
-1.047
0.953
1.953
1.953
2.953
2.953
3.842
3.953
1.953
2.953
-0.047
0.953
1.953
-1.047
2.509
0.953
-0.047
0.953
-0.047
-2.047
0.953
-1.047
0.731
-4.047
5.953
-8.047
3.953
15.953
5.953
2.398
-31.047
63.953
0.953
34.953
-47.047
32.953
-47.047
42.731
58.953
-34.047
-34.047
;
; amp track 5 (harmonic 2)
; peak time 520 ms
;
f784	0	128	-2
0
27
125
260
210
145
112
62
22
23
29
65
111
136
164
227
285
388
541
703
856
1179
1562
2144
2674
3283
3900
4431
4689
4748
4747
4711
4604
4467
4385
4453
4630
4754
5015
5281
5524
5794
6073
6192
6366
6632
6856
7045
7178
7253
7334
7467
7572
7756
7749
7751
7861
8036
8202
8257
8300
8390
8556
8750
8797
8599
8482
8540
7289
3375
3141
2696
1935
1212
549
133
293
362
364
369
409
502
529
602
571
577
627
652
597
633
616
594
571
525
526
516
443
404
327
261
186
196
129
95
125
129
90
98
70
44
21
36
26
15
107
53
26
37
56
69
37
31
30
38
52
25
25
0
;
; frq track 6 (harmonic 2)
; Freq. diffs.
; 
f785	0	128	-2
10.256
-123.744
-20.744
0.256
9.256
6.256
10.256
12.256
40.700
-4.744
16.256
-5.744
4.256
-2.744
4.256
2.256
2.256
4.256
2.256
2.256
5.256
6.256
5.256
4.256
4.256
4.256
3.256
3.256
1.256
1.256
1.256
1.256
1.256
0.256
0.256
1.256
1.256
0.256
1.256
1.256
1.256
1.256
1.256
1.256
2.256
2.256
2.256
2.256
2.256
2.256
2.256
2.256
1.256
2.256
1.256
1.256
1.256
2.256
2.256
2.256
2.256
2.256
3.145
3.256
2.256
2.256
2.256
2.256
39.256
15.256
2.811
0.256
-0.744
-1.744
-2.744
-64.744
-5.744
-7.744
-5.966
-12.744
-4.744
-3.744
0.256
0.256
-0.744
-0.744
4.256
-1.744
1.256
-0.744
-0.744
1.256
1.256
1.256
1.256
0.256
1.256
-3.744
-4.744
-4.744
-3.744
-5.522
-15.744
7.256
-6.744
4.256
-14.744
2.256
13.256
31.922
-28.744
-5.744
-23.744
131.256
-31.744
-37.744
11.145
-76.744
22.256
11.256
-16.744
-64.744
11.256
-40.744
3.700
-42.744
30.256
30.256
;
; amp track 7 (harmonic 3)
; peak time 544 ms
;
f786	0	128	-2
0
19
78
91
75
72
92
90
95
40
79
26
8
3
21
47
58
68
143
243
314
477
641
909
1029
1146
1259
1391
1557
1594
1464
1358
1168
1098
933
899
945
1127
1380
1647
2016
2365
2780
3139
3338
3488
3587
3615
3753
3988
4271
4638
5028
5367
5414
5579
5744
5894
6202
6425
6504
6652
6833
7111
7235
7173
7190
7247
5072
5425
5185
4379
3219
2064
976
463
635
568
476
376
287
423
532
499
426
469
583
573
554
609
587
577
585
553
579
560
495
456
346
251
175
102
81
60
70
63
27
52
57
39
32
27
21
49
63
156
156
72
83
87
25
29
25
28
33
29
40
0
;
; frq track 8 (harmonic 3)
; Freq. diffs.
; 
f787	0	128	-2
15.907
57.907
70.907
8.907
17.907
2.907
-4.093
-9.093
18.463
100.907
49.907
113.907
-7.093
129.907
24.907
20.907
12.907
7.907
14.907
4.907
6.907
10.907
7.907
10.907
7.351
7.907
9.907
7.907
6.907
7.907
6.907
6.907
6.907
6.907
1.907
2.907
1.907
1.907
1.907
2.796
3.907
3.907
3.907
4.907
5.907
4.907
5.907
5.018
4.907
5.907
4.907
5.907
4.907
4.907
3.907
4.796
4.907
4.907
4.907
5.907
5.907
5.907
5.907
5.907
5.907
5.907
5.907
4.907
-50.093
-1.093
4.240
2.907
-1.093
-4.093
-9.093
-34.093
-8.093
-13.093
-6.871
-10.093
-12.093
-0.093
4.907
-0.093
-1.093
-0.204
2.907
0.907
3.907
0.907
2.907
0.907
2.907
2.907
5.907
3.907
2.907
-0.093
-0.093
-3.093
-1.093
-4.649
5.907
-35.093
-3.093
5.907
-10.093
25.907
-21.093
-25.537
68.907
28.907
-32.093
-15.093
48.907
0.907
9.796
20.907
-0.093
17.907
-23.093
-24.093
-58.093
26.907
-11.315
-36.093
28.907
28.907
;
; amp track 9 (harmonic 4)
; peak time 544 ms
;
f788	0	128	-2
0
15
64
88
48
20
11
12
9
21
17
32
20
24
21
13
11
38
57
80
119
160
232
359
501
635
735
792
818
938
1052
1150
1267
1430
1541
1641
1695
1632
1539
1397
1089
783
496
269
149
147
256
318
319
373
641
912
1191
1592
2036
2377
2716
2991
3217
3286
3384
3533
3646
3743
3798
3739
3782
3856
3251
2241
2136
1839
1468
1004
498
100
91
103
67
45
133
193
199
131
109
108
97
158
151
120
97
33
88
142
138
115
121
96
89
47
36
36
16
15
14
21
20
34
21
24
16
46
24
24
110
279
199
140
68
48
56
63
20
31
28
31
23
0
;
; frq track 10 (harmonic 4)
; Freq. diffs.
; 
f789	0	128	-2
13.419
-29.581
-28.581
-2.581
-7.581
8.419
4.419
18.419
-41.137
2.419
28.419
-19.581
-26.581
10.419
-11.581
-51.581
-62.248
-5.581
-4.581
-16.581
8.419
13.419
7.419
3.419
0.752
-1.581
-3.581
-3.581
-5.581
-6.581
-3.581
-5.359
-3.581
-2.581
-1.581
-0.581
-1.581
-2.581
0.419
0.419
-0.581
2.419
4.419
-3.581
8.419
9.419
0.419
6.641
7.419
10.419
2.419
5.419
-0.581
0.419
-0.581
0.307
-1.581
-0.581
-0.581
0.419
1.419
0.419
1.307
1.419
0.419
0.419
1.419
-0.581
29.419
-0.581
-0.581
-1.581
-5.581
-3.581
-3.581
-15.581
32.419
-16.581
-23.693
-18.581
-12.581
1.419
-0.581
-6.581
-8.581
-11.248
-13.581
-2.581
-14.581
8.419
7.419
-26.581
0.419
5.752
-4.581
-6.581
12.419
0.419
-6.581
8.419
55.419
18.974
-19.581
77.419
-25.581
38.419
42.419
14.419
-28.581
-43.693
-1.581
48.419
-3.581
63.419
58.419
23.419
-4.137
-6.581
22.419
139.419
37.419
5.419
128.419
51.419
37.196
63.419
-30.581
-30.581
;
; amp track 11 (harmonic 5)
; peak time 317 ms
;
f790	0	128	-2
0
14
106
180
139
83
50
32
15
25
35
24
78
86
81
65
104
107
193
511
468
230
218
505
640
964
1411
1689
2071
2329
2616
2668
2694
2851
3007
3139
3346
3441
3632
3681
3677
3411
3296
3102
3190
3148
3205
3209
2965
2754
2508
2311
2020
1530
1139
875
828
932
1071
1045
1008
1018
1060
1195
1375
1513
1529
1479
1447
650
674
601
437
204
143
126
91
64
59
60
87
93
36
53
41
50
24
49
32
18
37
24
50
29
36
31
14
19
24
15
15
30
22
28
28
15
27
26
22
16
29
19
21
18
33
214
279
129
137
54
42
19
33
29
22
18
19
0
;
; frq track 12 (harmonic 5)
; Freq. diffs.
; 
f791	0	128	-2
21.674
-97.326
-34.326
8.674
0.674
5.674
5.674
22.674
3.119
75.674
60.674
8.674
20.674
20.674
4.674
-30.326
40.786
-21.326
-8.326
6.674
1.674
-7.326
27.674
10.674
4.452
5.674
4.674
1.674
1.674
0.674
2.674
1.786
1.674
2.674
3.674
3.674
3.674
2.674
4.674
3.786
4.674
4.674
4.674
3.674
6.674
5.674
5.674
6.563
5.674
5.674
5.674
5.674
9.674
7.674
11.674
9.008
15.674
11.674
7.674
10.674
4.674
7.674
5.897
9.674
9.674
8.674
6.674
2.674
-26.326
-3.326
-3.326
-7.326
-6.326
-9.326
-21.326
-29.326
-26.326
-28.326
-3.437
-17.326
-2.326
12.674
-11.326
-11.326
-3.326
8.230
-11.326
1.674
-5.326
18.674
46.674
78.674
-20.326
-38.103
1.674
14.674
90.674
94.674
19.674
30.674
-101.326
-18.659
-7.326
68.674
67.674
2.674
58.674
38.674
15.674
66.341
57.674
85.674
3.674
56.674
29.674
-20.326
-30.103
-86.326
-40.326
-95.326
-34.326
31.674
-11.326
16.674
78.897
-16.326
-64.326
-64.326
;
; amp track 13 (harmonic 6)
; peak time 577 ms
;
f792	0	128	-2
0
17
98
55
46
58
37
32
26
43
36
15
14
23
38
33
35
89
88
48
68
47
40
37
56
50
58
101
183
202
122
138
166
203
134
187
213
235
214
289
323
356
402
345
315
450
391
411
368
426
401
389
329
399
332
311
316
272
302
298
242
250
245
254
284
253
99
186
398
1130
1218
1243
1223
1008
746
461
267
145
117
109
165
191
106
66
117
144
155
213
181
195
168
63
57
103
133
124
85
66
23
43
40
33
41
37
26
41
12
19
23
20
22
28
16
16
54
203
188
143
75
56
26
15
25
24
23
19
19
0
;
; frq track 14 (harmonic 6)
; Freq. diffs.
; 
f793	0	128	-2
22.628
30.628
49.628
13.628
99.628
130.628
126.628
15.628
8.517
125.628
359.628
173.628
48.628
64.628
-21.372
53.628
-67.261
-63.372
0.628
90.628
-28.372
23.628
22.628
21.628
-12.150
-43.372
-57.372
-6.372
-8.372
-8.372
10.628
12.406
2.628
-4.372
7.628
-9.372
6.628
5.628
5.628
-4.150
3.628
-2.372
0.628
0.628
13.628
-6.372
5.628
6.517
2.628
6.628
5.628
-0.372
11.628
-1.372
0.628
5.961
6.628
1.628
6.628
4.628
2.628
7.628
4.072
7.628
6.628
-9.372
25.628
1.628
85.628
2.628
-0.928
-6.372
-13.372
-21.372
-23.372
-21.372
-21.372
-33.372
-28.039
-21.372
-11.372
9.628
-1.372
-18.372
5.628
2.072
1.628
-5.372
-5.372
-10.372
-6.372
-32.372
-21.372
-16.039
-14.372
-7.372
-15.372
11.628
95.628
8.628
-0.372
-21.705
-2.372
0.628
-56.372
-6.372
58.628
47.628
1.628
-3.705
-29.372
-37.372
-31.372
-32.372
78.628
8.628
-11.817
-17.372
-17.372
-17.372
-33.372
19.628
49.628
33.628
51.406
27.628
21.628
21.628
;
; amp track 15 (harmonic 7)
; peak time 520 ms
;
f794	0	128	-2
0
24
144
121
213
129
56
178
164
291
318
103
27
28
28
28
37
105
56
156
61
63
90
53
137
130
122
203
224
268
272
357
361
269
329
343
352
312
269
369
458
501
632
587
625
608
725
697
714
890
884
945
1024
1043
1001
1011
1018
932
1109
944
1147
1034
1014
1009
1215
854
957
992
1030
526
266
203
213
106
84
56
49
23
15
24
23
26
34
36
42
33
47
103
118
82
59
56
35
39
38
36
76
85
34
38
29
21
20
18
14
33
15
21
23
16
20
16
7
20
62
83
26
13
14
13
20
21
14
13
19
33
12
0
;
; frq track 16 (harmonic 7)
; Freq. diffs.
; 
f795	0	128	-2
14.837
-94.163
-29.163
-51.163
-36.163
-34.163
-44.163
-7.163
1.726
116.837
115.837
42.837
-47.163
-53.163
-31.163
-90.163
-54.607
-36.163
-27.163
5.837
76.837
-28.163
-49.163
-93.163
-25.607
11.837
3.837
-11.163
8.837
-12.163
-13.163
-3.385
-6.163
-4.163
-19.163
-10.163
-11.163
-12.163
-21.163
-15.829
-12.163
-8.163
-11.163
-2.163
-8.163
-9.163
-3.163
-7.607
-3.163
-7.163
-7.163
-6.163
-7.163
-7.163
-9.163
-9.163
-4.163
-5.163
-10.163
-1.163
-8.163
-6.163
-3.496
-4.163
-8.163
-7.163
-4.163
-5.163
-2.163
52.837
107.948
-57.163
-10.163
-62.163
74.837
64.837
-49.163
-104.163
43.393
34.837
-85.163
35.837
5.837
57.837
31.837
-17.941
-11.163
54.837
52.837
59.837
80.837
74.837
-44.163
-54.829
-22.163
126.837
93.837
64.837
-18.163
36.837
-9.163
-18.052
-26.163
-16.163
-35.163
12.837
-32.163
46.837
-31.163
9.726
-3.163
72.837
171.837
74.837
-25.163
34.837
-8.718
-8.163
78.837
-114.163
-20.163
39.837
-20.163
-1.163
-64.274
6.837
59.837
59.837
;
; amp track 17 (harmonic 8)
; peak time 544 ms
;
f796	0	128	-2
0
12
81
46
16
13
8
15
89
245
494
233
14
17
18
20
37
48
63
22
39
130
116
165
97
55
55
60
111
149
162
196
217
241
181
235
264
259
201
245
158
109
121
229
99
105
150
166
107
199
202
213
322
344
374
392
339
407
425
358
467
453
498
446
520
436
477
557
500
246
254
159
88
60
35
29
35
13
25
11
31
17
9
20
17
19
26
39
75
91
113
95
68
40
29
33
51
36
22
22
14
15
12
14
22
15
9
9
23
17
12
17
17
20
45
60
41
21
21
10
21
10
25
21
27
7
15
0
;
; frq track 18 (harmonic 8)
; Freq. diffs.
; 
f797	0	128	-2
8.721
-51.279
10.721
31.721
-43.279
-64.279
-57.279
-17.279
-78.612
-104.279
-70.279
-34.279
-55.279
-23.279
21.721
68.721
34.054
85.721
42.721
63.721
63.721
41.721
89.721
48.721
56.721
89.721
54.721
-16.279
2.721
-35.279
-27.279
-21.057
-9.279
-16.279
-36.279
-20.279
-11.279
-17.279
-36.279
-13.168
-16.279
-31.279
-28.279
5.721
-28.279
-27.279
13.721
-27.168
-34.279
-6.279
-22.279
-16.279
-18.279
-25.279
-19.279
-16.612
-15.279
-12.279
-16.279
-13.279
-15.279
-17.279
-7.501
-19.279
-14.279
-12.279
-24.279
-8.279
-5.279
83.721
58.832
43.721
80.721
64.721
-43.279
75.721
-47.279
-58.279
48.388
6.721
23.721
-14.279
87.721
-40.279
53.721
95.499
19.721
72.721
60.721
58.721
61.721
75.721
50.721
64.943
53.721
19.721
76.721
81.721
86.721
67.721
-25.279
-18.168
-95.279
24.721
27.721
74.721
-33.279
73.721
35.721
-63.835
35.721
62.721
-14.279
27.721
42.721
23.721
49.499
75.721
-9.279
12.721
32.721
2.721
-19.279
-41.279
10.276
6.721
-12.279
-12.279
;
; amp track 19 (harmonic 9)
; peak time 544 ms
;
f798	0	128	-2
0
21
60
91
77
40
17
19
17
30
44
17
21
28
20
41
41
65
42
58
39
35
33
29
35
23
53
35
85
135
142
131
188
178
184
212
240
216
246
250
234
235
235
269
191
214
178
211
146
151
121
133
214
256
261
293
259
289
323
326
353
391
390
414
448
410
379
473
333
126
94
93
87
31
16
15
26
11
13
21
10
13
13
15
21
17
10
16
30
22
47
26
19
19
13
23
27
12
16
14
26
13
11
23
22
19
9
12
23
15
12
13
14
13
38
50
21
24
11
11
14
17
29
10
15
20
15
0
;
; frq track 20 (harmonic 9)
; Freq. diffs.
; 
f799	0	128	-2
24.302
8.302
24.302
61.302
56.302
61.302
50.302
49.302
-84.920
-291.698
-215.698
-38.698
60.302
18.302
-67.698
91.302
101.080
92.302
102.302
-31.698
100.302
-4.698
-142.698
150.302
120.080
-17.698
-30.698
-2.698
-6.698
-9.698
-0.698
-10.476
-0.698
-0.698
-4.698
-5.698
-4.698
-8.698
-9.698
-2.587
-6.698
-1.698
-7.698
1.302
-1.698
0.302
-4.698
-4.698
-10.698
-5.698
-12.698
-7.698
-11.698
-14.698
-4.698
-5.587
-3.698
-1.698
-0.698
1.302
-3.698
-4.698
1.524
-2.698
-6.698
7.302
-6.698
-0.698
24.302
24.302
-5.031
-31.698
-45.698
-4.698
58.302
23.302
25.302
-14.698
-26.253
52.302
-67.698
-26.698
4.302
70.302
56.302
-63.698
-79.698
86.302
83.302
-72.698
-50.698
-106.698
88.302
107.858
-44.698
7.302
65.302
-122.698
33.302
100.302
3.302
-43.809
-21.698
-22.698
37.302
77.302
134.302
34.302
-17.698
5.413
77.302
-39.698
-51.698
-59.698
-4.698
12.302
50.524
54.302
85.302
-14.698
43.302
-48.698
47.302
-69.698
17.413
16.302
68.302
68.302
;
; source file ../data/AltoFlute/ffF6.het
; via ../data/AltoFlute/ffF6.asc
;
; number of harmonics (amp/frq track pairs):
; 10
;
; duration 2.490000 s
; avg. peak time 1434 ms
; avg. release time 1474 ms
; peak amp 28724 (track 1)
;
;
; amp track 1 (harmonic 0)
; peak time 1383 ms
;
f800	0	64	-2
0
1217
10497
10987
11399
11680
11979
12923
13527
12062
12069
12597
12909
13106
13117
10788
6504
7515
10165
12913
14444
10832
8255
12131
18060
19304
16034
13697
17953
22693
24097
17384
16839
22329
25964
28586
23023
24536
26813
25672
23224
19629
17132
19225
23235
20373
11406
12915
18527
20161
17485
11462
11718
17904
16510
11504
8025
13663
13023
7811
5257
6843
3633
0
;
; frq track 2 (harmonic 0)
; Freq. diffs.
; 
f801	0	64	-2
-25.714
-26.689
-6.763
-3.792
-9.418
-7.758
-5.816
-5.717
-3.814
-5.666
-5.712
-4.740
-2.816
-0.768
-3.567
-8.582
-11.558
-10.736
-5.965
5.673
6.270
-8.915
-9.694
-6.863
7.897
10.166
-4.333
-8.495
-1.888
9.677
11.245
-6.766
-11.587
-5.058
5.995
7.221
-1.267
-4.626
2.890
12.045
5.624
-2.500
-3.654
3.108
13.727
9.400
-12.559
-5.890
-0.023
9.047
-2.126
-9.520
-5.905
5.973
6.270
-5.115
-15.443
-0.501
-7.529
-10.555
-17.531
-15.805
-20.588
-20.588
;
; amp track 3 (harmonic 1)
; peak time 1106 ms
;
f802	0	64	-2
0
132
1849
2286
2177
2404
2375
2101
2073
2456
2614
2418
1879
1312
910
897
815
930
2653
2915
1788
1703
1428
2586
2774
2347
2360
2168
3209
2569
1669
2187
1455
1700
2111
1620
2126
2083
2095
2358
2158
1838
2081
2816
1638
1397
1577
758
2009
2568
1988
1242
2169
2056
2110
1479
973
1206
1155
443
384
404
144
0
;
; frq track 4 (harmonic 1)
; Freq. diffs.
; 
f803	0	64	-2
-51.333
39.282
-26.853
-14.654
-8.649
-13.213
-8.577
-21.980
2.384
-18.776
-9.805
-1.551
-5.144
-5.328
2.267
-54.831
-34.408
-1.207
-7.977
11.635
8.743
-26.479
-12.696
-7.601
19.942
19.680
3.103
-28.661
-3.983
18.484
21.585
-7.787
-18.063
6.380
17.377
16.702
-17.531
-19.287
11.069
3.856
15.076
-9.682
-16.951
15.805
32.774
34.618
-28.036
-0.069
-11.720
12.042
0.285
-16.882
-4.961
-0.452
2.511
-13.491
-15.286
11.269
-29.267
-14.130
-32.841
-30.459
-11.824
-11.824
;
; amp track 5 (harmonic 2)
; peak time 1778 ms
;
f804	0	64	-2
0
53
363
240
296
298
362
471
596
358
368
543
618
698
642
472
249
335
351
500
734
410
280
446
770
828
561
396
532
846
979
332
513
749
978
1108
644
806
964
1016
948
825
760
932
802
1111
437
683
807
633
803
642
644
594
542
522
366
589
414
150
57
80
34
0
;
; frq track 6 (harmonic 2)
; Freq. diffs.
; 
f805	0	64	-2
-69.238
510.505
36.699
-68.471
-12.200
3.353
35.091
-26.614
-6.307
-23.778
5.235
16.466
2.497
16.396
3.443
-24.503
-23.302
6.965
-15.078
64.570
37.475
-23.053
-41.747
0.536
13.422
5.195
3.798
-9.537
-5.349
2.356
32.957
0.472
-10.938
-3.623
39.624
33.105
-41.321
-19.805
2.583
31.014
18.424
-23.145
-20.384
14.835
59.416
39.292
-27.712
15.622
23.354
15.957
-6.079
-52.029
21.872
29.560
-24.398
-1.446
-8.064
11.720
14.684
-68.842
-145.228
37.162
-256.510
-256.510
;
; amp track 7 (harmonic 3)
; peak time 948 ms
;
f806	0	64	-2
0
52
262
236
245
241
282
297
255
266
268
277
245
146
98
25
45
30
62
206
167
81
98
240
486
425
247
225
261
284
80
99
57
155
261
148
161
108
192
151
88
66
62
405
117
224
134
105
221
141
303
124
195
104
94
144
124
101
74
26
39
41
24
0
;
; frq track 8 (harmonic 3)
; Freq. diffs.
; 
f807	0	64	-2
-107.571
-182.597
-47.672
-56.343
-60.360
-41.079
14.503
-49.877
17.863
-79.021
-26.344
-7.078
-10.396
7.946
-49.545
-606.904
-101.188
-35.305
-48.858
35.964
-30.814
-45.783
-47.525
-23.819
18.320
5.123
-31.605
-62.923
13.420
72.328
-232.548
2.080
16.061
25.910
29.338
114.924
12.804
-50.895
19.712
159.744
37.844
-37.586
-644.622
-10.265
6.544
46.380
-61.874
-119.066
22.954
-53.558
-15.571
28.275
-3.879
208.831
-198.151
-32.300
68.769
48.496
82.533
-365.016
-394.788
-156.132
-136.099
-136.099
;
; amp track 9 (harmonic 4)
; peak time 790 ms
;
f808	0	64	-2
0
55
91
65
72
111
92
141
121
32
48
120
183
285
241
123
27
46
75
189
408
216
91
162
295
259
189
149
147
262
258
63
131
192
293
332
222
195
233
244
268
200
179
315
156
330
113
138
130
128
183
159
186
69
65
155
79
162
124
34
75
41
19
0
;
; frq track 10 (harmonic 4)
; Freq. diffs.
; 
f809	0	64	-2
-107.619
-196.286
38.047
93.911
3.157
128.093
122.667
99.003
18.612
-386.947
-300.186
98.879
40.456
38.434
-29.066
16.190
-142.279
-199.123
-62.794
59.922
74.010
-4.488
-63.077
63.708
45.851
83.404
-63.747
-42.726
42.147
60.419
117.869
-467.795
23.453
61.384
53.586
88.541
-6.611
-47.542
82.535
-1.410
-0.659
-13.287
-32.603
32.664
176.795
49.725
-107.352
25.875
97.605
213.335
-39.321
-57.150
7.004
-35.500
-406.113
-60.794
80.658
7.245
133.070
-271.334
87.927
269.808
-193.429
-193.429
;
; amp track 11 (harmonic 5)
; peak time 1739 ms
;
f810	0	64	-2
0
38
87
87
129
95
188
165
210
199
194
152
174
80
59
45
41
32
94
117
115
101
82
72
67
159
71
119
161
133
157
87
79
83
163
186
101
107
61
69
82
90
29
82
206
71
66
45
48
123
86
54
46
154
75
109
61
36
61
50
57
46
34
0
;
; frq track 12 (harmonic 5)
; Freq. diffs.
; 
f811	0	64	-2
-141.571
6.531
-22.066
-91.738
-199.880
-248.297
72.542
-81.518
13.432
-33.341
4.440
-41.366
44.889
-18.893
430.763
319.360
-47.274
-64.128
18.101
274.912
107.826
-70.201
-28.664
-14.326
-331.231
379.996
-115.531
0.331
31.605
-158.562
-403.135
-99.550
-90.802
-68.732
621.271
439.021
434.658
71.973
-277.194
29.361
-215.675
-128.856
-310.985
-48.479
546.134
-1.169
-101.301
-225.308
-702.458
355.585
-206.014
80.879
130.801
-13.767
53.869
37.301
765.271
-292.879
638.908
608.053
95.906
264.553
202.073
202.073
;
; amp track 13 (harmonic 6)
; peak time 1541 ms
;
f812	0	64	-2
0
211
91
143
142
95
79
99
130
109
146
168
105
220
147
197
76
50
219
174
207
48
66
115
172
181
149
132
159
195
198
117
159
115
261
232
311
132
269
337
117
110
157
291
203
222
69
129
148
181
83
64
120
182
89
134
67
153
265
147
121
96
39
0
;
; frq track 14 (harmonic 6)
; Freq. diffs.
; 
f813	0	64	-2
10.619
-276.816
-528.152
31.882
-7.317
256.672
-415.028
-625.833
-363.203
193.957
36.886
-277.117
-299.218
105.957
179.736
-18.173
163.079
-583.729
34.102
-180.106
315.575
548.367
229.997
131.788
238.803
-123.321
157.236
-219.550
121.641
-400.880
-315.624
-229.893
143.785
221.527
-549.102
-43.017
43.087
153.708
169.773
-298.069
-183.415
212.208
125.198
-35.161
-627.220
51.752
-238.124
173.779
92.877
-166.554
-284.189
132.649
129.771
-461.812
275.798
100.828
-702.247
127.926
-16.578
-294.740
-34.236
-324.124
-233.759
-233.759
;
; amp track 15 (harmonic 7)
; peak time 1778 ms
;
f814	0	64	-2
0
86
97
94
95
76
158
57
104
60
111
232
101
95
51
53
74
43
167
129
94
88
61
146
141
163
105
104
103
153
79
126
126
109
160
170
90
64
108
268
210
73
60
118
181
342
45
84
121
119
202
57
56
140
115
68
52
147
113
41
60
26
12
0
;
; frq track 16 (harmonic 7)
; Freq. diffs.
; 
f815	0	64	-2
-75.571
-378.597
412.777
-323.203
711.947
422.058
242.860
538.645
180.289
-151.831
245.516
261.995
161.707
194.564
-279.614
131.607
-141.212
146.849
11.550
-186.165
526.670
-15.060
55.570
103.886
384.056
314.110
-3.221
114.246
158.271
-258.629
-1411.239
91.346
-62.522
-340.919
339.522
353.684
228.041
-26.863
169.114
55.421
148.528
-387.466
23.784
100.412
207.778
69.079
-141.489
-382.236
-731.204
-6.639
215.726
304.103
177.112
-47.656
-220.476
340.884
155.312
-70.677
153.528
89.784
244.361
-207.774
113.962
113.962
;
; amp track 17 (harmonic 8)
; peak time 1541 ms
;
f816	0	64	-2
0
64
55
145
127
141
79
105
52
116
82
120
118
135
151
98
57
45
96
86
153
77
36
49
139
147
51
39
76
151
157
70
31
47
79
153
72
39
86
223
127
32
31
96
126
107
32
68
43
60
80
66
71
55
48
64
102
69
132
41
37
34
17
0
;
; frq track 18 (harmonic 8)
; Freq. diffs.
; 
f817	0	64	-2
287.381
784.304
-60.173
193.700
-385.153
237.008
-283.238
-345.969
742.113
34.015
-263.938
282.988
685.211
498.300
219.077
322.655
459.194
553.889
306.406
453.632
-101.997
59.862
-248.504
-140.313
429.389
479.731
-278.661
413.929
239.959
446.510
-34.949
-113.485
527.513
290.838
399.521
515.288
439.376
-3588.619
-585.669
376.072
364.966
-96.476
-1374.362
424.054
269.515
-356.154
141.204
539.889
74.856
359.880
-136.494
185.896
413.406
835.279
-396.774
270.273
57.968
661.610
401.232
170.523
197.667
14.045
43.603
43.603
;
; amp track 19 (harmonic 9)
; peak time 1739 ms
;
f818	0	64	-2
0
87
99
52
80
43
41
69
58
46
59
44
92
57
46
43
12
21
78
106
77
46
25
57
54
51
72
36
48
76
43
73
59
54
93
113
32
62
65
70
91
26
37
56
142
81
52
44
56
138
73
37
64
71
83
38
49
42
42
15
24
14
16
0
;
; frq track 20 (harmonic 9)
; Freq. diffs.
; 
f819	0	64	-2
163.143
462.271
-59.401
579.334
245.702
449.772
-53.376
-277.947
359.588
-323.872
-319.108
-954.146
194.678
583.900
-25.770
248.914
430.581
58.923
642.432
432.207
142.760
-190.326
469.771
420.724
13.850
171.828
306.596
232.065
-171.244
-313.377
-466.819
358.694
39.541
-1249.987
366.601
177.115
-922.959
488.986
-124.565
501.663
256.068
-272.937
-102.812
-37.574
674.656
170.412
124.556
-336.719
742.350
572.609
-22.534
-33.567
251.157
145.912
-87.569
504.957
-5.426
-285.136
-242.967
-483.213
680.518
8.512
695.075
695.075
;
