;220	201	0	0	0
;;
;0.001	0	247
;0	0	246	0
;0	0	0	0
;;
;0.15	0.75	201
;1	0	247	0
;0	0	0	0
;;
;1	0	247
;1	0	246	0
;0	0	0	0
;;
;0	0	246
;0	0	246	0
;0	0	0	0
;;
;-1	0	247
;0	0	246	0
;0	0	0	1
;;
;0	0	0	0	0
;;
;0	0	0	0	0
;;
;1	1	0	0	0
;;
;0	0	0	0	0
;;
;0	0	0	0	0
;;
;0	0	0	0	0


;220	201	0	0	0
;;
;1.5	0	247
;0	0	246	0
;0	0	0	0
;;
; ;0	0.95	246
; ;0	0	246	0
; ;0	0	0	0
;;
;1	-1	243
;1	0	247	0
;0	0	0	0
;;
;1	0	247
;0	0	246	0
;0	0	0	0
;;
;0	0	246
;0	0	246	0
;0	0	0	0
;;
;1	0	247
;0	0	246	0
;0	0	0	0
;;
;0	0	0	0	0
;;
;0	0	0	0	0
;;
;2	1	0	0	0
;;
;0	0	0	0	0
;;
;0	0	0	0	0
;;
;0	0	0	0	0


220	201	0	0	0
;
1.5	0	247
0	0	246	0
0	0	0	0
;
 ;0	0.95	246
 ;0	0	246	0
 ;0	0	0	0
;
-3	0	201
1	0	247	0
0	0	0	0
;
1	0	247
0	0	246	0
0	0	0	0
;
0	0	246
0	0	246	0
0	0	0	0
;
-1	0	247
0	0	246	0
0	0	0	1
;
0	0	0	0	0
;
0	0	0	0	0
;
2	40	-0.073	0	0
;
0	0	0	0	0
;
0	0	0	0	0
;
0	0	0	0	0
