; pre-resurrectio-17.5: needs extra vars and flag
;220	201	0	0	0
;;
;0.03	0	247
;0	0	246	0
;0	0	0	0
;;
;0	0.8	246
;0	0	246	0
;0	0	0	0
;;
;1	0	247
;1	0	246	0
;0	0	0	0
;;
;0	0	246
;0	0	246	0
;0	0	0	0
;;
;-1	0	247
;0	0	246	0
;0	0	0	0
;;
;0	0	0	0	0
;;
;0	0	0	0	0
;;
;0	0	0	0	0
;;
;0	0	0	0	0
;;
;0	0	0	0	0
;;
;0	0	0	0	0

; revision 2

220	201	0	0	0
;
0.01	0	247
0	0	246	0
0	0	0	0
;
0	1	246
0	0	246	0
0	0	0	0
;
1	0	247
0	0	246	0
0	0	0	0
;
0	0	246
0	0	246	0
0	0	0	0
;
1	0	247
0	0	246	0
0	0	0	0
;
0	0	0	0	0
;
0	0	0	0	0
;
0	0	0	0	0
;
0	0	0	0	0
;
0	0	0	0	0
;
0	0	0	0	0
