;245	201	0	0	0
;;
;0.005	0.015	201
;1	0	247	0
;0	0	0	0
;;
;0.2	0.6	201
;1	0	247	0
;0	0	0	0
;;
;1	0	247
;0	0	246	0
;0	0	0	0
;;
;0	0	246
;0	0	246	0
;0	0	0	0
;;
;-1	0	247
;0	0	246	0
;0	0	0	1
;;
;0	0	0	0	0
;;
;0	0	0	0	0
;;
;2	45	0	0	0
;;
;0	0	0	0	0
;;
;0	0	0	0	0
;;
;0	0	0	0	0


245	201	0	0	0
;
0.5	0	247
0	0	246	0
0	0	0	0
;
-0.4	-0.2	201
1	0	247	0
0	0	0	0
;
1	0	247
0	0	246	0
0	0	0	0
;
0	0	246
0	0	246	0
0	0	0	0
;
-1	0	247
0	0	246	0
0	0	0	1
;
0	0	0	0	0
;
0	0	0	0	0
;
1	2	-0.02	0	0
;
0	0	0	0	0
;
0	0	0	0	0
;
0	0	0	0	0
