;239	201	0	0	0
;;
;0.05	0	247
;0	0	246	0
;0	0	0	0
;;
;0.1	0.6	201
;1	0	247	0
;0	0	0	0
;;
;1	0	247
;0	0	246	0
;0	0	0	0
;;
;0	0	246
;0	0	246	0
;0	0	0	0
;;
;-0.01	0	247
;0	0	246	0
;0	0	0	1
;;
;0	0	0	0	0
;;
;0	0	0	0	0
;;
;1	0	0	0.1	0
;;
;0	0	0	0	0
;;
;0	0	0	0	0
;;
;0	0	0	0	0


239	201	0	0	0
;
0.05	0	247
0	0	246	0
0	0	0	0
;
0	1	246
0	0	246	0
0	0	0	0
;
1	0	247
0	0	246	0
0	0	0	0
;
0	0	246
0	0	246	0
0	0	0	0
;
1	0	247
0	0	246	0
0	0	0	0
;
0	0	0	0	0
;
0	0	0	0	0
;
0	0	0	0	0
;
0	0	0	0	0
;
0	0	0	0	0
;
0	0	0	0	0
